          45           1           1
  1.534546591992319E-061  -245.853998473255        165.167969408716     
  5.015476901475568E-061  -245.853998473255        165.167969408716     
  2.179022904148927E-060  -245.853998473255        165.167969408716     
  2.448970066007037E-002  -245.853998473255        165.167969408716     
  4.667015706716273E-060  -245.853998473255        165.167969408716     
  5.265275460466392E-060  -245.853998473255        165.167969408716     
  3.904453295735573E-060  -245.853998473255        165.167969408716     
  1.773546519563534E-060  -245.853998473255        165.167969408716     
  2.041153868484594E-060  -245.853998473255        165.167969408716     
  1.567221133006520E-061  -245.853998473255        165.167969408716     
  7.324237694818420E-061  -245.853998473255        165.167969408716     
  1.516639241618516E-059  -245.853998473255        165.167969408716     
  4.205433122036633E-060  -245.853998473255        165.167969408716     
  2.646577092726192E-060  -245.853998473255        165.167969408716     
  1.605159331409272E-060  -245.853998473255        165.167969408716     
  1.632310345607435E-060  -245.853998473255        165.167969408716     
  1.549575211959505E-060  -245.853998473255        165.167969408716     
  1.094379948706688E-060  -245.853998473255        165.167969408716     
  1.513375658502202E-061  -245.853998473255        165.167969408716     
  9.565875272987908E-061  -245.853998473255        165.167969408716     
  1.728011237031385E-060  -245.853998473255        165.167969408716     
  2.905845387880382E-060  -245.853998473255        165.167969408716     
  3.669755437164404E-060  -245.853998473255        165.167969408716     
  7.015032049989570E-060  -245.853998473255        165.167969408716     
  6.565942852192452E-060  -245.853998473255        165.167969408716     
  5.480063626052208E-002  -245.853998473255        165.167969408716     
  7.672068117642423E-060  -245.853998473255        165.167969408716     
  1.815299366232891E-061  -245.853998473255        165.167969408716     
  1.140764203111670E-060  -245.853998473255        165.167969408716     
  1.062335319256667E-060  -245.853998473255        165.167969408716     
  4.846971922605206E-060  -245.853998473255        165.167969408716     
  8.507923241864870E-060  -245.853998473255        165.167969408716     
  0.471817246839480       -245.853998473255        165.167969408716     
  0.158430580743733       -245.853998473255        165.167969408716     
  0.222396728057162       -245.853998473255        165.167969408716     
  7.144272528452500E-060  -245.853998473255        165.167969408716     
  1.857057491748042E-061  -245.853998473255        165.167969408716     
  6.313579952689044E-061  -245.853998473255        165.167969408716     
  9.848590847210220E-061  -245.853998473255        165.167969408716     
  1.433942517178784E-002  -245.853998473255        165.167969408716     
  5.405588538114611E-002  -245.853998473255        165.167969408716     
  1.327410796875756E-059  -245.853998473255        165.167969408716     
  4.921245661243368E-060  -245.853998473255        165.167969408716     
  1.738760286375515E-060  -245.853998473255        165.167969408716     
  1.151225182679474E-060  -245.853998473255        165.167969408716     
         830
  1.477247740766991E-005  1.475678172108255E-005
  1.488843627073129E-005  1.487207188356294E-005
  1.499394239523897E-005  1.498197069165257E-005
  1.509433147523133E-005  1.508809971220080E-005
  1.519733224829805E-005  1.519427367884901E-005
  1.530825731058972E-005  1.531066300231032E-005
  1.542594495202948E-005  1.542204426115929E-005
  1.554096644451943E-005  1.552316417841120E-005
  1.563679044912715E-005  1.560199448486375E-005
  1.569350671959590E-005  1.564321085489875E-005
  1.569286520270744E-005  1.563327273261453E-005
  1.562308632190641E-005  1.556380115544798E-005
  1.548213575200455E-005  1.543381606867841E-005
  1.527882478335114E-005  1.525068456161987E-005
  1.503181779305031E-005  1.502960220346717E-005
  1.476703506983678E-005  1.479179849382702E-005
  1.451398667484059E-005  1.456180508161754E-005
  1.430147498917845E-005  1.436431318260871E-005
  1.415312710683153E-005  1.422014258545398E-005
  1.408344648109463E-005  1.414340385963442E-005
  1.409531050907600E-005  1.414474815238038E-005
  1.417975872665827E-005  1.421597342389349E-005
  1.431833659861671E-005  1.433568309475394E-005
  1.448737473716241E-005  1.448420604008758E-005
  1.466286811369354E-005  1.464134865892119E-005
  1.482444700689887E-005  1.478930789370329E-005
  1.495748602372740E-005  1.491448734472809E-005
  1.505338995903582E-005  1.500808563849383E-005
  1.510885115427567E-005  1.506613284604266E-005
  1.512500699470673E-005  1.508906790332950E-005
  1.510697726560415E-005  1.508114046723577E-005
  1.506359381392837E-005  1.504980793288260E-005
  1.500672493815268E-005  1.500493973877761E-005
  1.494970631681345E-005  1.495760586611375E-005
  1.490492148959482E-005  1.491832003851555E-005
  1.488117128760968E-005  1.489513488195371E-005
  1.488176259526762E-005  1.489453657036781E-005
  1.490406613345110E-005  1.491252889624541E-005
  1.494074015376706E-005  1.494280617415412E-005
  1.498217951908731E-005  1.497792923503957E-005
  1.501935362268374E-005  1.501087435456259E-005
  1.504616297131687E-005  1.503672022457212E-005
  1.506069878016138E-005  1.505360406002276E-005
  1.506519917251254E-005  1.506271718800430E-005
  1.506488066629947E-005  1.506754678810113E-005
  1.506605824444608E-005  1.507255289616906E-005
  1.507404087599972E-005  1.508157501176662E-005
  1.509126788529617E-005  1.509641056609922E-005
  1.511610259071943E-005  1.511585654458476E-005
  1.514262742675164E-005  1.513538609775508E-005
  1.516163194391016E-005  1.514785686477832E-005
  1.516270385979360E-005  1.514351970399730E-005
  1.513696563021714E-005  1.511357348838147E-005
  1.507969268788862E-005  1.505644088914238E-005
  1.499198602831228E-005  1.497374762431414E-005
  1.488092953004968E-005  1.487174287818412E-005
  1.475815841958037E-005  1.476010064101071E-005
  1.463729565704262E-005  1.464993258972070E-005
  1.453104618508794E-005  1.455165661832751E-005
  1.444876644043036E-005  1.447329313281888E-005
  1.439510288138397E-005  1.441933681606359E-005
  1.436994195623901E-005  1.439060037209475E-005
  1.436954337296277E-005  1.438495955986479E-005
  1.438840961161263E-005  1.439857780687883E-005
  1.442123974561316E-005  1.442728129618299E-005
  1.446430483397282E-005  1.446759983322920E-005
  1.451582559082705E-005  1.451735829480018E-005
  1.457538709647661E-005  1.457546827728945E-005
  1.464289953409813E-005  1.464604611101095E-005
  1.471784252878335E-005  1.472076195682673E-005
  1.479933625783236E-005  1.480218377197772E-005
  1.488701505579228E-005  1.489090009096679E-005
  1.498206170387585E-005  1.498819300708081E-005
  1.508752217661722E-005  1.509632436928636E-005
  1.520735779453801E-005  1.521770902178392E-005
  1.534441950944746E-005  1.535347762580224E-005
  1.549821181588511E-005  1.550226631491225E-005
  1.566353231115019E-005  1.565941182510585E-005
  1.583068872129274E-005  1.581698022460231E-005
  1.598723073102321E-005  1.596481554411355E-005
  1.612042584471771E-005  1.609203879973088E-005
  1.621944437243864E-005  1.618859667055762E-005
  1.627651757620909E-005  1.624664342284282E-005
  1.628699344528789E-005  1.626084665702218E-005
  1.624884346628829E-005  1.622853739413273E-005
  1.616241060707802E-005  1.614711436559446E-005
  1.603090954105732E-005  1.601667944420341E-005
  1.586156080708660E-005  1.585523258827737E-005
  1.566659182955737E-005  1.567166492550492E-005
  1.546313139103072E-005  1.548183765362297E-005
  1.527139182937410E-005  1.530338524588208E-005
  1.511126604123149E-005  1.515326205635845E-005
  1.499828924621624E-005  1.504441433248421E-005
  1.494037646297705E-005  1.498371083290255E-005
  1.493654640493570E-005  1.497111496797241E-005
  1.497807621912692E-005  1.500045220836363E-005
  1.505157874099613E-005  1.506145256091625E-005
  1.514280726199721E-005  1.514245049644592E-005
  1.523986377152392E-005  1.523290662328532E-005
  1.533491568156117E-005  1.532497270119558E-005
  1.542425321827634E-005  1.541402326248323E-005
  1.550717945951729E-005  1.549819696901089E-005
  1.558453525437062E-005  1.557733558180791E-005
  1.565754841683355E-005  1.565223040796242E-005
  1.572730580601766E-005  1.572668770677410E-005
  1.579472943403050E-005  1.579667045087523E-005
  1.586068584751524E-005  1.586385525366169E-005
  1.592590481637410E-005  1.592970968959985E-005
  1.599062061797029E-005  1.599409287498680E-005
  1.605406006014715E-005  1.605594274115893E-005
  1.611402012508515E-005  1.611303705160001E-005
  1.616676680796468E-005  1.616199951156541E-005
  1.620737336311303E-005  1.619856808431957E-005
  1.623048643248314E-005  1.621832806228310E-005
  1.623140335024843E-005  1.621753751637234E-005
  1.620725741757514E-005  1.619404527959380E-005
  1.615803570910480E-005  1.614806128168911E-005
  1.608712451840567E-005  1.608255015685033E-005
  1.600113493374778E-005  1.600313980053656E-005
  1.590891982100886E-005  1.591726243502675E-005
  1.581991403984101E-005  1.583291142743877E-005
  1.574213773887053E-005  1.575710070487750E-005
  1.568033222816638E-005  1.569420501839698E-005
  1.563471686442409E-005  1.564495271693833E-005
  1.560075558378093E-005  1.560411874379497E-005
  1.557010993992095E-005  1.556745730401421E-005
  1.553266727173338E-005  1.552420380597002E-005
  1.547922794364235E-005  1.546662101863608E-005
  1.540420803725276E-005  1.539064026273463E-005
  1.530765161967255E-005  1.529703347650090E-005
  1.519597412129287E-005  1.519189752686363E-005
  1.508115084125016E-005  1.508580106264499E-005
  1.497845752487998E-005  1.499181640231545E-005
  1.490326620638824E-005  1.492302771098313E-005
  1.486769515337494E-005  1.488978158322402E-005
  1.487801348589027E-005  1.489769126156811E-005
  1.493354185265420E-005  1.494681956934674E-005
  1.502736454032689E-005  1.503209023739622E-005
  1.514857634152450E-005  1.514481445789636E-005
  1.528524348294230E-005  1.527481803944398E-005
  1.542701209030469E-005  1.541262560122409E-005
  1.556649654688824E-005  1.555062798276885E-005
  1.569915519833396E-005  1.568340151424656E-005
  1.582203722206068E-005  1.580706745567559E-005
  1.593222724915505E-005  1.591804494168183E-005
  1.602582060708980E-005  1.601462281541899E-005
  1.609786276450093E-005  1.608730095124157E-005
  1.614316503817082E-005  1.613170292816467E-005
  1.615756700287372E-005  1.614624288174499E-005
  1.613914589934332E-005  1.612946253670884E-005
  1.608900735279195E-005  1.608271204027853E-005
  1.601149156092961E-005  1.601019588968104E-005
  1.591378628167182E-005  1.591862141551147E-005
  1.580504224982443E-005  1.581632418016090E-005
  1.569517972901164E-005  1.571244643230133E-005
  1.559366534381363E-005  1.561577321448025E-005
  1.550857229864865E-005  1.553396284456058E-005
  1.544614918037389E-005  1.547324509066436E-005
  1.541091220863392E-005  1.543835297624477E-005
  1.540603169039477E-005  1.543265445021547E-005
  1.543363318824109E-005  1.545829824038142E-005
  1.549466614282296E-005  1.551598569310011E-005
  1.558821098069798E-005  1.560450136633532E-005
  1.571042090298533E-005  1.571996704903790E-005
  1.585359350523712E-005  1.585519262584032E-005
  1.600599494727480E-005  1.599944261117279E-005
  1.615291647656804E-005  1.613960097631503E-005
  1.627903636697716E-005  1.626185296638762E-005
  1.637161998788660E-005  1.635531407373492E-005
  1.642362057587610E-005  1.641001988975339E-005
  1.643556724210235E-005  1.642552531080069E-005
  1.641539235569179E-005  1.641134904595345E-005
  1.637602588432462E-005  1.637854383980297E-005
  1.633143583341484E-005  1.633893476316037E-005
  1.629245755758329E-005  1.630172929594652E-005
  1.626391123010829E-005  1.627138564939540E-005
  1.624404711152830E-005  1.624716699494519E-005
  1.622644896604117E-005  1.622464270432185E-005
  1.620355108888375E-005  1.619836320189059E-005
  1.617031329819810E-005  1.616465532025642E-005
  1.612661673835601E-005  1.612351002085636E-005
  1.607756233645355E-005  1.607891482889154E-005
  1.603176883122935E-005  1.603774478473217E-005
  1.599855557749820E-005  1.600771574755405E-005
  1.598522299333762E-005  1.599528337153348E-005
  1.599541710881021E-005  1.600418933185043E-005
  1.602895401886226E-005  1.603500196948874E-005
  1.608280954357789E-005  1.608562974895439E-005
  1.615255448277626E-005  1.615233372735263E-005
  1.623348270685538E-005  1.623062639526542E-005
  1.632098496330559E-005  1.631578211819747E-005
  1.641018023894361E-005  1.640259037834734E-005
  1.649522431982553E-005  1.648522789307636E-005
  1.656889258038478E-005  1.655675082256157E-005
  1.662292555866705E-005  1.661017267906573E-005
  1.664930554542470E-005  1.663491384998695E-005
  1.664220744435118E-005  1.662721151075446E-005
  1.659999380045065E-005  1.658681190581209E-005
  1.652646214872059E-005  1.651759674160420E-005
  1.643069283458479E-005  1.642796781116686E-005
  1.632528612036588E-005  1.632909614332887E-005
  1.622339468879426E-005  1.623259735227796E-005
  1.613550422734445E-005  1.614767942343504E-005
  1.606711339151212E-005  1.607944387456541E-005
  1.601816534648103E-005  1.602844548784453E-005
  1.598438097428826E-005  1.599171044721139E-005
  1.595985643961466E-005  1.596475073595906E-005
  1.593979070344147E-005  1.594362895483875E-005
  1.592222843829648E-005  1.592638349386963E-005
  1.590820398877731E-005  1.591324415870039E-005
  1.590039360885852E-005  1.590575851303668E-005
  1.590099628909657E-005  1.590521658348895E-005
  1.590982697813701E-005  1.591119033815994E-005
  1.592345567834918E-005  1.592077538352493E-005
  1.593576782267359E-005  1.592896704739411E-005
  1.593975717161995E-005  1.592996817898183E-005
  1.592989907398894E-005  1.591913260611976E-005
  1.590423882775267E-005  1.589467726939340E-005
  1.586542975623095E-005  1.585872129975193E-005
  1.582033188873824E-005  1.581706003050147E-005
  1.577829233693462E-005  1.577784553995889E-005
  1.574866223205779E-005  1.574952123029898E-005
  1.573831278033448E-005  1.573862627456481E-005
  1.574986335390813E-005  1.574836278450675E-005
  1.578108482769504E-005  1.577770649180373E-005
  1.582558642805996E-005  1.581928016039007E-005
  1.587451175192205E-005  1.586513052640833E-005
  1.591864756386724E-005  1.590665352154202E-005
  1.595021310316681E-005  1.593644089782515E-005
  1.596374795889216E-005  1.594898731733382E-005
  1.595593002194672E-005  1.594059368624568E-005
  1.592465099736708E-005  1.590870285527742E-005
  1.586799495060090E-005  1.585116526599682E-005
  1.578371949125214E-005  1.576581746078409E-005
  1.566945568230327E-005  1.565061215260105E-005
  1.552337674553753E-005  1.550411592222191E-005
  1.534486969505761E-005  1.532595647833225E-005
  1.513494071926453E-005  1.511752993860176E-005
  1.489652613833847E-005  1.488223587853095E-005
  1.463515553025876E-005  1.462617689266577E-005
  1.436018670212750E-005  1.435917620116549E-005
  1.408615611755913E-005  1.409545240502936E-005
  1.383313793372561E-005  1.385371314070053E-005
  1.362495919112110E-005  1.365532036541260E-005
  1.348491186153016E-005  1.352051303645487E-005
  1.342989418954090E-005  1.346396050247451E-005
  1.346497530028974E-005  1.349028600881485E-005
  1.358056054344540E-005  1.359156661318501E-005
  1.375348800633555E-005  1.374788702523241E-005
  1.395193205702353E-005  1.393129918174707E-005
  1.414264060198770E-005  1.411175267190611E-005
  1.429836718725574E-005  1.426374171734644E-005
  1.440351871100167E-005  1.437165573654998E-005
  1.445673407481669E-005  1.443251134427363E-005
  1.446997580057526E-005  1.445586537392134E-005
  1.446454752494426E-005  1.446033551309629E-005
  1.446514602510277E-005  1.446838150838031E-005
  1.449352807611910E-005  1.450052054486503E-005
  1.456345713583758E-005  1.457122289139079E-005
  1.467815893539098E-005  1.468635630051789E-005
  1.483065085121517E-005  1.483543508817368E-005
  1.500637072483352E-005  1.500621732555433E-005
  1.518693420859309E-005  1.518150880114990E-005
  1.535380946478933E-005  1.534352450185445E-005
  1.549110997248258E-005  1.547711380473539E-005
  1.558725823920268E-005  1.557109261185266E-005
  1.563566840693106E-005  1.561900775297816E-005
  1.563472361681677E-005  1.561918451321588E-005
  1.558727529194032E-005  1.557426327645833E-005
  1.549982877781784E-005  1.549044130088243E-005
  1.538158789880593E-005  1.537664133820421E-005
  1.524357540819671E-005  1.524372336336234E-005
  1.509804287120051E-005  1.510389026806567E-005
  1.495827575021097E-005  1.497059547484079E-005
  1.483868114401448E-005  1.485816748577671E-005
  1.475476895584469E-005  1.478157778534261E-005
  1.472243758142967E-005  1.475559257941327E-005
  1.475604885576612E-005  1.479291373410360E-005
  1.486525121906032E-005  1.490138421419281E-005
  1.505127748884901E-005  1.508104685775128E-005
  1.530412479702105E-005  1.532206243824802E-005
  1.560214809478208E-005  1.560458163374348E-005
  1.591491923304979E-005  1.590130230426942E-005
  1.620893645801623E-005  1.618208795760643E-005
  1.645453540980594E-005  1.641979190100757E-005
  1.663181279438136E-005  1.659570644669288E-005
  1.673379804598921E-005  1.670225613199120E-005
  1.676621555384888E-005  1.674327597793500E-005
  1.674436051101555E-005  1.673164829086216E-005
  1.668834207920488E-005  1.668522071782340E-005
  1.661807644099347E-005  1.662223715800805E-005
  1.654912087610215E-005  1.655736150006610E-005
  1.649006711270497E-005  1.649913253019206E-005
  1.644192219455400E-005  1.644929852122713E-005
  1.639957622259812E-005  1.640406497429452E-005
  1.635498967540441E-005  1.635676432770774E-005
  1.630119026838155E-005  1.630147798844188E-005
  1.623574842826739E-005  1.623608375313485E-005
  1.616237337675397E-005  1.616378732663191E-005
  1.608980219589719E-005  1.609233878691603E-005
  1.602814314258851E-005  1.603072057725242E-005
  1.598391807161803E-005  1.598482283830734E-005
  1.595574932873808E-005  1.595345228424003E-005
  1.593259888393314E-005  1.592654939539479E-005
  1.589565070696532E-005  1.588673257700306E-005
  1.582362716470868E-005  1.581328433530871E-005
  1.570002781138041E-005  1.568904632189646E-005
  1.551993874653534E-005  1.551216558081948E-005
  1.529399452447714E-005  1.529225543585625E-005
  1.504787143189480E-005  1.505429690201233E-005
  1.481715812693945E-005  1.483211416978856E-005
  1.463909442915277E-005  1.466103751641359E-005
  1.454382522757439E-005  1.456963358319541E-005
  1.454794153336476E-005  1.457378108485572E-005
  1.465207798980374E-005  1.467430304145488E-005
  1.484267209797573E-005  1.485854470397089E-005
  1.509647809793379E-005  1.510446532980489E-005
  1.538577372230721E-005  1.538543750370313E-005
  1.568259304161553E-005  1.567441859026259E-005
  1.596136122308478E-005  1.594619738560901E-005
  1.620029935267904E-005  1.617955591369438E-005
  1.638237214774377E-005  1.635802769085605E-005
  1.649628953185779E-005  1.647075953834381E-005
  1.653749360520767E-005  1.651337065891831E-005
  1.650865100804642E-005  1.648831697216069E-005
  1.641921477819604E-005  1.640454873013631E-005
  1.628404404538434E-005  1.627628910084730E-005
  1.612152597563447E-005  1.612130598452152E-005
  1.595177890361109E-005  1.595915500669253E-005
  1.579522632062931E-005  1.580987128435886E-005
  1.567134157990184E-005  1.569227479910033E-005
  1.559707062546634E-005  1.562242835307323E-005
  1.558463556352039E-005  1.561163786160341E-005
  1.563905289427949E-005  1.566434636479711E-005
  1.575635284566354E-005  1.577667764714128E-005
  1.592364156912519E-005  1.593670328797061E-005
  1.612156028030721E-005  1.612673397304908E-005
  1.632861099528221E-005  1.632700126506299E-005
  1.652585224252541E-005  1.651978500055786E-005
  1.670021038276964E-005  1.669217224507267E-005
  1.684527623456360E-005  1.683707750159894E-005
  1.695960563827953E-005  1.695201795855753E-005
  1.704358063739592E-005  1.703639151064151E-005
  1.709632378554596E-005  1.708882794145307E-005
  1.711391515447583E-005  1.710550360783477E-005
  1.708952093080871E-005  1.708022236454702E-005
  1.701536721328246E-005  1.700617403110723E-005
  1.688598982835436E-005  1.687886513309355E-005
  1.670187277493751E-005  1.669940478820235E-005
  1.647239546906755E-005  1.647724302505403E-005
  1.621695395049490E-005  1.623106384896483E-005
  1.596333247634822E-005  1.598693548157806E-005
  1.574303760021030E-005  1.577419581185344E-005
  1.558435870086608E-005  1.561907707804561E-005
  1.550505497317350E-005  1.553821539009510E-005
  1.550718672312627E-005  1.553396072069704E-005
  1.557619553942317E-005  1.559334784294421E-005
  1.568489565887457E-005  1.569169921063658E-005
  1.580117176492017E-005  1.579938649965347E-005
  1.589676752171589E-005  1.588981219407995E-005
  1.595424886988588E-005  1.594590037244691E-005
  1.597011383139662E-005  1.596346499096871E-005
  1.595359427476411E-005  1.595034932578419E-005
  1.592218646551540E-005  1.592255013487698E-005
  1.589575374562562E-005  1.589875083889178E-005
  1.589101945467260E-005  1.589500775355902E-005
  1.591768822840997E-005  1.592082123116626E-005
  1.597670965594496E-005  1.597735855584622E-005
  1.606060098900376E-005  1.605769182188418E-005
  1.615535693229293E-005  1.614852944418684E-005
  1.624329044675737E-005  1.623282571557012E-005
  1.630614573721098E-005  1.629294296381382E-005
  1.632794980503287E-005  1.631330844098007E-005
  1.629724549087825E-005  1.628261128748803E-005
  1.620852733112273E-005  1.619529228147150E-005
  1.606287287965935E-005  1.605229983513151E-005
  1.586790529361531E-005  1.586094371046786E-005
  1.563727142832813E-005  1.563450715475196E-005
  1.538971851975763E-005  1.539127316720944E-005
  1.514765175032234E-005  1.515308295556935E-005
  1.493492476960726E-005  1.494339227586876E-005
  1.477373993451028E-005  1.478374991045063E-005
  1.468095689264962E-005  1.469068038389516E-005
  1.466464480633827E-005  1.467228476845206E-005
  1.472203073794322E-005  1.472626909346862E-005
  1.483980936437082E-005  1.484006234562307E-005
  1.499705449037007E-005  1.499360481875052E-005
  1.516999441203225E-005  1.516382630993351E-005
  1.533714983830679E-005  1.532956050497632E-005
  1.548318083762137E-005  1.547541708077044E-005
  1.560033855219213E-005  1.559313287563050E-005
  1.568739497684984E-005  1.568112616865141E-005
  1.574685869749524E-005  1.574155990754721E-005
  1.578178357920953E-005  1.577733819465242E-005
  1.579341326815569E-005  1.578970748219263E-005
  1.578040361404796E-005  1.577736690865024E-005
  1.573967769507487E-005  1.573732936960461E-005
  1.566835079930096E-005  1.566669700181273E-005
  1.556581808767328E-005  1.556477979637747E-005
  1.543513151885487E-005  1.543449544254581E-005
  1.528317447587516E-005  1.528273027935979E-005
  1.511969828348688E-005  1.511915568315666E-005
  1.495575007632702E-005  1.495484942890834E-005
  1.480215754643036E-005  1.480070121623000E-005
  1.466847178265380E-005  1.466628351597071E-005
  1.456228536747728E-005  1.455929300672812E-005
  1.448850179569695E-005  1.448447887135790E-005
  1.444824069140735E-005  1.444287763956431E-005
  1.443760912221231E-005  1.443060510781065E-005
  1.444716382280908E-005  1.443841755474484E-005
  1.446301482606374E-005  1.445276694803489E-005
  1.446992553882438E-005  1.445879752879229E-005
  1.445569640884696E-005  1.444450477614520E-005
  1.441520997286422E-005  1.440465240406656E-005
  1.435237195547608E-005  1.434274076840880E-005
  1.427897973652297E-005  1.427009995713993E-005
  1.421089499616544E-005  1.420217405436233E-005
  1.416307190571730E-005  1.415380183251874E-005
  1.414538657270074E-005  1.413504552641079E-005
  1.416068361090312E-005  1.414909311230676E-005
  1.420536754818590E-005  1.419269010381693E-005
  1.427182166294886E-005  1.425842902828318E-005
  1.435139959489633E-005  1.433772362882174E-005
  1.443682759031308E-005  1.442326486459991E-005
  1.452339466627829E-005  1.451026615867673E-005
  1.460897072483722E-005  1.459644946085479E-005
  1.469336880021316E-005  1.468162313697087E-005
  1.477766925971041E-005  1.476681765292495E-005
  1.486385328538114E-005  1.485395431943517E-005
  1.495464508311022E-005  1.494564715625623E-005
  1.505312927201457E-005  1.504476068393876E-005
  1.516172103634370E-005  1.515361117756818E-005
  1.528045173625048E-005  1.527213959921131E-005
  1.540509013720783E-005  1.539617430767379E-005
  1.552601042905418E-005  1.551632051719549E-005
  1.562865425711659E-005  1.561827415951928E-005
  1.569587043503125E-005  1.568533761679957E-005
  1.571162094525603E-005  1.570177562762726E-005
  1.566495266801656E-005  1.565673771135109E-005
  1.555307173777566E-005  1.554737544817688E-005
  1.538280520945017E-005  1.538042030853202E-005
  1.517035851347323E-005  1.517186155113423E-005
  1.493967363042430E-005  1.494536059197208E-005
  1.471968816433002E-005  1.472942855009872E-005
  1.454057284939680E-005  1.455370039353847E-005
  1.442897482293711E-005  1.444429336695601E-005
  1.440268489797711E-005  1.441835552836013E-005
  1.446586579481759E-005  1.447981328064341E-005
  1.460654275989957E-005  1.461698816131451E-005
  1.479791532198996E-005  1.480386362666102E-005
  1.500397613703901E-005  1.500546709552375E-005
  1.518826506709141E-005  1.518651387186402E-005
  1.532313898201078E-005  1.532007634662519E-005
  1.539649688847959E-005  1.539414557761343E-005
  1.541376404372463E-005  1.541362675034946E-005
  1.539471218103574E-005  1.539745094153027E-005
  1.536653630699294E-005  1.537194206685599E-005
  1.535573203235677E-005  1.536294609065893E-005
  1.538136750536692E-005  1.538918722853301E-005
  1.545147596107665E-005  1.545870245135302E-005
  1.556298442577374E-005  1.556867241040040E-005
  1.570437998296793E-005  1.570801820555396E-005
  1.585961090798526E-005  1.586117164308050E-005
  1.601170650253497E-005  1.601159424905034E-005
  1.614517507312884E-005  1.614402236529044E-005
  1.624706728890716E-005  1.624564742701986E-005
  1.630726285039848E-005  1.630644521705364E-005
  1.631876365537505E-005  1.631940698791385E-005
  1.627849920157587E-005  1.628131406824763E-005
  1.618854769183432E-005  1.619404542093668E-005
  1.605709183522537E-005  1.606549217969906E-005
  1.589822408703280E-005  1.590935274673120E-005
  1.573006848250989E-005  1.574338858706133E-005
  1.557144435014007E-005  1.558610413253066E-005
  1.543804790958125E-005  1.545320809429347E-005
  1.533943254367215E-005  1.535436591654510E-005
  1.527775184144122E-005  1.529191811557673E-005
  1.524847637078406E-005  1.526157370884702E-005
  1.524250462642203E-005  1.525443080114861E-005
  1.524865724569961E-005  1.525942823422500E-005
  1.525565765110392E-005  1.526537462869397E-005
  1.525324217303200E-005  1.526208418577648E-005
  1.523266332786240E-005  1.524089560684698E-005
  1.518718688464621E-005  1.519505688793621E-005
  1.511306191641344E-005  1.512072862421769E-005
  1.501095883710087E-005  1.501833249075317E-005
  1.488731083057165E-005  1.489401832920937E-005
  1.475468459152017E-005  1.476018367260701E-005
  1.463046722059317E-005  1.463420429394807E-005
  1.453378578909057E-005  1.453558791407412E-005
  1.448139748334658E-005  1.448149005948726E-005
  1.448385915858323E-005  1.448290106612410E-005
  1.454327130952375E-005  1.454216744759670E-005
  1.465329426832154E-005  1.465299038678949E-005
  1.480126797188917E-005  1.480228216856486E-005
  1.497153436841361E-005  1.497396184497843E-005
  1.514874639671175E-005  1.515226323033784E-005
  1.532012505792371E-005  1.532572630962767E-005
  1.547617003465062E-005  1.548259201765728E-005
  1.560998427495746E-005  1.561559228241098E-005
  1.571588519929367E-005  1.572077468565379E-005
  1.578819780320000E-005  1.579261427610173E-005
  1.582101778236938E-005  1.582508291508049E-005
  1.580931585452580E-005  1.581283687610509E-005
  1.575112446125003E-005  1.575361490654921E-005
  1.564992703712892E-005  1.565071315287042E-005
  1.551605507015886E-005  1.551455486557270E-005
  1.536609845290515E-005  1.536204249827430E-005
  1.522003167425555E-005  1.521362287823339E-005
  1.509669582493529E-005  1.508876345556206E-005
  1.500906224238673E-005  1.500072166931425E-005
  1.496096702621983E-005  1.495340431931765E-005
  1.494656988990177E-005  1.494078194192101E-005
  1.495279748983549E-005  1.494938128769186E-005
  1.496391071368796E-005  1.496299418559744E-005
  1.496659050578250E-005  1.496794597076696E-005
  1.495386908195358E-005  1.495707994561323E-005
  1.492680037129930E-005  1.493143171015352E-005
  1.489364658821585E-005  1.489937826718950E-005
  1.486715989937916E-005  1.487382617287375E-005
  1.486097910713754E-005  1.486849117461750E-005
  1.488617943719129E-005  1.489446115718687E-005
  1.494873681825565E-005  1.495766956479936E-005
  1.504828572342350E-005  1.505765046632517E-005
  1.517819056810893E-005  1.518772226620656E-005
  1.532666714634156E-005  1.533619777476555E-005
  1.547852227904328E-005  1.548803389336513E-005
  1.561707768315428E-005  1.562674476414467E-005
  1.572600754791901E-005  1.573603760020651E-005
  1.579104068968662E-005  1.580160963436382E-005
  1.580159483804675E-005  1.581278553358659E-005
  1.575233238499874E-005  1.576399838723375E-005
  1.564441294863266E-005  1.565609650378029E-005
  1.548603215196810E-005  1.549710990605795E-005
  1.529183557912179E-005  1.530157716529655E-005
  1.508105923654150E-005  1.508878482311915E-005
  1.487467786301695E-005  1.487992404492996E-005
  1.469222105254269E-005  1.469480198820783E-005
  1.454905410259481E-005  1.454925300430467E-005
  1.445473228455467E-005  1.445302317436058E-005
  1.441260920665738E-005  1.440956339713071E-005
  1.442043197635745E-005  1.441665351932202E-005
  1.447141052910846E-005  1.446756262879681E-005
  1.455530356386356E-005  1.455280583966277E-005
  1.465934392833086E-005  1.466027231307229E-005
  1.476914106207512E-005  1.477168892764608E-005
  1.486985336064668E-005  1.487356497711471E-005
  1.494782267938374E-005  1.495209559207896E-005
  1.499255492894388E-005  1.499657156487262E-005
  1.499858620613208E-005  1.500155761305582E-005
  1.496659476732239E-005  1.496787551975581E-005
  1.490323510552266E-005  1.490250690035585E-005
  1.481956011946636E-005  1.481692365126589E-005
  1.472840543120809E-005  1.472443410140753E-005
  1.464150905984398E-005  1.463698649909397E-005
  1.456724013385319E-005  1.456295226409227E-005
  1.450955814397634E-005  1.450607962718418E-005
  1.446833522639767E-005  1.446594940977361E-005
  1.444067621513713E-005  1.443939010275764E-005
  1.442258930983880E-005  1.442218034777253E-005
  1.441040187571574E-005  1.441056716630551E-005
  1.440161624367359E-005  1.440206432492661E-005
  1.439526053969005E-005  1.439577184975939E-005
  1.439199654294796E-005  1.439238513322230E-005
  1.439420034893909E-005  1.439422127051257E-005
  1.440599807548652E-005  1.440528072065164E-005
  1.443299900040987E-005  1.443111391078213E-005
  1.448140163949330E-005  1.447801091865186E-005
  1.455632987107262E-005  1.455142618533201E-005
  1.465962595796912E-005  1.465371152689782E-005
  1.478771137551550E-005  1.478183261163526E-005
  1.493029839423540E-005  1.492600257690952E-005
  1.507054275130825E-005  1.506943740093635E-005
  1.518673219114919E-005  1.519030587004927E-005
  1.525508656417768E-005  1.526440231995966E-005
  1.525300541006248E-005  1.526843280720517E-005
  1.516221327747496E-005  1.518323304738762E-005
  1.497152670965611E-005  1.499676886836616E-005
  1.467912426735740E-005  1.469607833930598E-005
  1.429409698483118E-005  1.430388842846219E-005
  1.383679252420891E-005  1.383944581633861E-005
  1.333734823301871E-005  1.333251956305959E-005
  1.283213919062696E-005  1.282112569067807E-005
  1.235866859061401E-005  1.234353405975172E-005
  1.195029598488084E-005  1.193362406413498E-005
  1.163249214626089E-005  1.161672168913951E-005
  1.142162535318608E-005  1.140854508861416E-005
  1.132588155300318E-005  1.131661740381000E-005
  1.134667714663847E-005  1.134160197932854E-005
  1.147875689958017E-005  1.147800943297326E-005
  1.170833531120466E-005  1.171222548640620E-005
  1.201045696385045E-005  1.201946680488000E-005
  1.234801697417788E-005  1.236251718207052E-005
  1.267469061237411E-005  1.269474717271531E-005
  1.294238598277500E-005  1.296719657068754E-005
  1.311165563389490E-005  1.313914393160630E-005
  1.316193074438730E-005  1.318855688663060E-005
  1.309815961799355E-005  1.311945956373709E-005
  1.295139785627537E-005  1.296311528838993E-005
  1.277260590585307E-005  1.277209371945187E-005
  1.262082158993965E-005  1.260822728117360E-005
  1.254859237715203E-005  1.252749429827671E-005
  1.258868755824997E-005  1.256528078259111E-005
  1.274615858839456E-005  1.272760796475286E-005
  1.299837042075849E-005  1.299071308879250E-005
  1.330303542393391E-005  1.330944209133871E-005
  1.361147358135355E-005  1.363289107846452E-005
  1.388250025391860E-005  1.391680433472018E-005
  1.409243452872555E-005  1.412297970328867E-005
  1.423853653554040E-005  1.425999041438406E-005
  1.433574400541808E-005  1.434629521233583E-005
  1.440877988130168E-005  1.440979487521276E-005
  1.448276902603401E-005  1.447778164065522E-005
  1.457529254447037E-005  1.456847107452772E-005
  1.469173924228422E-005  1.468665924704395E-005
  1.482450265246812E-005  1.482345946096839E-005
  1.495549828331018E-005  1.495932193938373E-005
  1.506086050909574E-005  1.506933351957573E-005
  1.511653298091773E-005  1.512873966018156E-005
  1.510365484957669E-005  1.511825356977234E-005
  1.501294240989373E-005  1.502836307072263E-005
  1.484748211793192E-005  1.486203608974992E-005
  1.462347181678155E-005  1.463540566975325E-005
  1.436861868033670E-005  1.437631604013994E-005
  1.411824423123608E-005  1.412049448967684E-005
  1.390961210779861E-005  1.390628292809319E-005
  1.377543431979406E-005  1.376765401539186E-005
  1.373781129238654E-005  1.372798569323752E-005
  1.380395682895591E-005  1.379544654571698E-005
  1.396487197966398E-005  1.396129238477338E-005
  1.419757457251523E-005  1.420148965505518E-005
  1.447058686969804E-005  1.448463557582806E-005
  1.475132127236160E-005  1.478046702092668E-005
  1.501318873947757E-005  1.504271069687182E-005
  1.524015320343671E-005  1.526570623132922E-005
  1.542726375272286E-005  1.544654279159968E-005
  1.557720396290656E-005  1.559055252758494E-005
  1.569451507980920E-005  1.570420582505397E-005
  1.578013433839535E-005  1.578917130987215E-005
  1.582873757228021E-005  1.583953314561540E-005
  1.583012715100344E-005  1.584351679394875E-005
  1.577413540885588E-005  1.578910609180184E-005
  1.565699585081178E-005  1.567100351936032E-005
  1.548646300199259E-005  1.549623269678809E-005
  1.528335207876498E-005  1.528616324454250E-005
  1.507846215231446E-005  1.507319129880404E-005
  1.490559400335524E-005  1.489318500167542E-005
  1.479295597966441E-005  1.477632154105716E-005
  1.475603707734152E-005  1.473915220592420E-005
  1.479460419466583E-005  1.478112576979725E-005
  1.489489673618531E-005  1.488678031782434E-005
  1.503595567074158E-005  1.503278474382554E-005
  1.519731101660131E-005  1.519659438263546E-005
  1.536481950638687E-005  1.536325975687325E-005
  1.553254849492203E-005  1.553182299072877E-005
  1.570063640026359E-005  1.569834648489556E-005
  1.587089439958345E-005  1.586614333385947E-005
  1.604266231457051E-005  1.603781044583236E-005
  1.621083799909079E-005  1.620778440523469E-005
  1.636653423533685E-005  1.636586620148192E-005
  1.649942394452829E-005  1.650065578960362E-005
  1.660026280179769E-005  1.660230046553442E-005
  1.666245718125610E-005  1.666424735721568E-005
  1.668244135666295E-005  1.668337737926389E-005
  1.665940363804419E-005  1.665935427450199E-005
  1.659511568989279E-005  1.659416441408168E-005
  1.649424679640589E-005  1.649229686893946E-005
  1.636492902323497E-005  1.636146596114561E-005
  1.621893525968188E-005  1.621324857575017E-005
  1.607090668860004E-005  1.606234440853491E-005
  1.593654787039274E-005  1.592483256489061E-005
  1.583026437357127E-005  1.581567798933265E-005
  1.576299019766303E-005  1.574633910189391E-005
  1.574078384321676E-005  1.572326911411012E-005
  1.576429355278246E-005  1.574734581915348E-005
  1.582872646135083E-005  1.581864374727603E-005
  1.592383084866640E-005  1.591997652860721E-005
  1.603373704642910E-005  1.603651724977262E-005
  1.613709302073518E-005  1.614645504475565E-005
  1.620833420622470E-005  1.622353500681248E-005
  1.622076376020780E-005  1.624000477801601E-005
  1.615136035571596E-005  1.617171140132038E-005
  1.598624012644871E-005  1.600404834002392E-005
  1.572501580274595E-005  1.573671877995336E-005
  1.538234676288626E-005  1.538520549942483E-005
  1.498585745142569E-005  1.497854897453626E-005
  1.457098309427328E-005  1.455361355970964E-005
  1.417450861274791E-005  1.414859586565981E-005
  1.382894520757425E-005  1.379664435961507E-005
  1.355923185580857E-005  1.352249070228415E-005
  1.338195857910365E-005  1.334222568103827E-005
  1.330614632456798E-005  1.326447553736970E-005
  1.333422340160719E-005  1.329182650528642E-005
  1.346233971978347E-005  1.342099335371248E-005
  1.368010868632320E-005  1.365451300009717E-005
  1.397057106214336E-005  1.395823373672523E-005
  1.431119732094199E-005  1.430960297124216E-005
  1.467606886874371E-005  1.468317955392414E-005
  1.503866638526805E-005  1.505203242190862E-005
  1.537457598527343E-005  1.539158812143310E-005
  1.566380452152807E-005  1.568190217542328E-005
  1.589285463506528E-005  1.590941436481938E-005
  1.605675241777786E-005  1.606899609752276E-005
  1.616067768057325E-005  1.616612885080279E-005
  1.622016692276615E-005  1.621710451202233E-005
  1.625877589663565E-005  1.624689807274267E-005
  1.630296871609256E-005  1.628389686615782E-005
  1.637542906369855E-005  1.635275551501621E-005
  1.648903109262738E-005  1.646770125610365E-005
  1.664363521214205E-005  1.662881252802670E-005
  1.682669901843648E-005  1.682257579873639E-005
  1.701710757340639E-005  1.702573274926654E-005
  1.719049667595617E-005  1.721850325943790E-005
  1.732417505792285E-005  1.735836123639153E-005
  1.740047615512390E-005  1.743557613675864E-005
  1.740843913261250E-005  1.744105775943622E-005
  1.734446283821791E-005  1.737211070503452E-005
  1.721267347031263E-005  1.723347604430992E-005
  1.702527474023536E-005  1.703770760456412E-005
  1.680245781836572E-005  1.680530941331786E-005
  1.657105558624977E-005  1.656383476458973E-005
  1.636137485507189E-005  1.634482257261208E-005
  1.620243410426356E-005  1.617866354762577E-005
  1.611670651913355E-005  1.608920178185275E-005
  1.611590049715840E-005  1.608902252780365E-005
  1.619906229024386E-005  1.617716711701841E-005
  1.635350489715110E-005  1.634003613956321E-005
  1.655814420971632E-005  1.655499895878499E-005
  1.678814671900070E-005  1.679537281852620E-005
  1.701956930232115E-005  1.704704911475575E-005
  1.723288367443000E-005  1.726330360319534E-005
  1.741478230469234E-005  1.744361553155966E-005
  1.755825968439741E-005  1.758307998660863E-005
  1.766139529556029E-005  1.768136725929822E-005
  1.772552440972874E-005  1.774091387901863E-005
  1.775357608701513E-005  1.776503364653263E-005
  1.774913156259465E-005  1.775724607126129E-005
  1.771628115028548E-005  1.772133532368403E-005
  1.765987755535857E-005  1.766189232427735E-005
  1.758556631606871E-005  1.758467017894783E-005
  1.749915863642567E-005  1.749593354667217E-005
  1.740536677710850E-005  1.740107239230679E-005
  1.730635101387551E-005  1.730294475922736E-005
  1.720069803901693E-005  1.720048014352837E-005
  1.708332724838666E-005  1.708849164297785E-005
  1.694652365758633E-005  1.695043600470761E-005
  1.678197803528881E-005  1.678762970747796E-005
  1.658347515014854E-005  1.658904520575314E-005
  1.634974053289414E-005  1.635186177962778E-005
  1.608688496656925E-005  1.608230112574262E-005
  1.580981307317471E-005  1.579567032799211E-005
  1.554192272176991E-005  1.551648432225824E-005
  1.531254350004441E-005  1.527579740228501E-005
  1.515201749713032E-005  1.510627592652218E-005
  1.508516213635220E-005  1.503510593634781E-005
  1.512478378254791E-005  1.507675174288169E-005
  1.526736931098643E-005  1.522819901221120E-005
  1.549262614826239E-005  1.546824174048830E-005
  1.576725011455672E-005  1.576103262712407E-005
  1.605180381488020E-005  1.606404513477786E-005
  1.630863804500849E-005  1.634321684701258E-005
  1.650875344976434E-005  1.655213894415928E-005
  1.663618542852071E-005  1.667334131711195E-005
  1.668939717321360E-005  1.671478778478881E-005
  1.667987082836846E-005  1.669104216877642E-005
  1.662836068563007E-005  1.662590877400798E-005
  1.655946756216549E-005  1.654648595564617E-005
  1.649568671318518E-005  1.647677060838753E-005
  1.645254521601942E-005  1.643246028712990E-005
  1.643637564768000E-005  1.641869817858370E-005
  1.644541741880087E-005  1.643162490263806E-005
  1.647358687095219E-005  1.646282235227865E-005
  1.651514639309366E-005  1.650473415118808E-005
  1.656823892287813E-005  1.655491348805002E-005
  1.663592740465505E-005  1.661724485863572E-005
  1.672458724703715E-005  1.670592221935306E-005
  1.684063107314814E-005  1.682262887758816E-005
  1.698709646403376E-005  1.697260104545219E-005
  1.716143263485241E-005  1.715355659951025E-005
  1.735508488886814E-005  1.735562021114958E-005
  1.755469464342496E-005  1.756390205633717E-005
  1.774429634306258E-005  1.776116976272064E-005
  1.790780740782065E-005  1.793053589045361E-005
  1.803125082780277E-005  1.805784217420790E-005
  1.810439784067085E-005  1.813288019113627E-005
  1.812173361397039E-005  1.815021980936420E-005
  1.808274863602656E-005  1.810951303271723E-005
  1.799155786293894E-005  1.801514216337701E-005
  1.785585514241316E-005  1.787531207481352E-005
  1.768533481787711E-005  1.769098032005134E-005
  1.748995226617352E-005  1.748683070121290E-005
  1.727860693566279E-005  1.727171215342018E-005
  1.705883151240614E-005  1.704948329073023E-005
  1.683774597907805E-005  1.682596542213914E-005
  1.662395843044654E-005  1.660839092218035E-005
  1.642946540282842E-005  1.640801908595326E-005
  1.627023617380442E-005  1.624132505486919E-005
  1.616444038776559E-005  1.612815404539893E-005
  1.612827844683201E-005  1.608733907312470E-005
  1.617068188499801E-005  1.613040447442052E-005
  1.628904202507211E-005  1.625607221190640E-005
  1.646799851007242E-005  1.644836649875048E-005
  1.668212578002881E-005  1.668164809595259E-005
  1.690168833061803E-005  1.692926698326806E-005
  1.709937996367603E-005  1.713437461810489E-005
  1.725573689313058E-005  1.729055656046245E-005
  1.736171523633213E-005  1.739078504835446E-005
  1.741822943103165E-005  1.743870407558586E-005
  1.743347416142006E-005  1.744523947766089E-005
  1.741919804764890E-005  1.742426390485577E-005
  1.738697192682606E-005  1.738864452794718E-005
  1.734521913535111E-005  1.734712769473474E-005
  1.729754938490331E-005  1.730275785997383E-005
  1.724272356216018E-005  1.725299067334518E-005
  1.717620316466881E-005  1.719163201067081E-005
  1.709271530221275E-005  1.711167606140319E-005
  1.698885839407963E-005  1.700033082358035E-005
  1.686478379509220E-005  1.687181776733415E-005
  1.672447203787286E-005  1.672596201534726E-005
  1.657481498421721E-005  1.657109687738058E-005
  1.642420985730597E-005  1.641634538491364E-005
  1.628136922464036E-005  1.627057173252684E-005
  1.615457645822772E-005  1.614182368855975E-005
  1.605105882872076E-005  1.603730928824476E-005
  1.597594986455810E-005  1.596267297673918E-005
  1.593065304800615E-005  1.592023918560858E-005
  1.591112413041369E-005  1.590684345635207E-005
  1.590717259549032E-005  1.591224722572595E-005
  1.590385279678070E-005  1.591970586283255E-005
  1.588522529455917E-005  1.590728765080268E-005
