          45          45          45
  0.428081510514452       -49.5297037847372        225.216542248298     
  0.405798815967198        35.3740391849697        203.416001470006     
  0.410976488790762        40.9619946638667        202.531715679123     
  0.604415483015133       -48.1297864754290        254.169104595488     
  0.431511657527393        43.3692937205793        220.386923265551     
  0.517706852862476        36.2767246454005        236.870894800515     
  0.571997961884384       -23.5617015318971        211.244471286785     
  0.597561512379569       -37.4244717222052        196.621196076415     
  0.609401491514214       -43.7457961721727        192.487340905943     
  0.489181487356360       -33.5906394207012        199.045663101481     
  0.618825859896201       -28.5898473632276        189.732032960238     
  0.578877244776965        2.53326600968529        239.969023523096     
  0.383279367754903       -33.4706184450397        232.405890775235     
  0.592374737207281       -53.4608412545194        227.398794569834     
  0.619080362881905       0.680402748985273        243.296541550220     
  0.384161835263679        6.77689452163781        184.600137237221     
  0.532544189327355        58.9860838303032        185.712327407275     
  0.468895342613958        62.3347887126984        249.175440826267     
  0.462495113679209        18.3680757286647        257.588108002580     
  0.555662524103854        13.4371956146654        248.824990913818     
  0.569967956595763       -51.6580914563969        187.543186770414     
  0.388970052890809       -71.0309356038949        196.365493175937     
  0.485719766926960        35.9028551163450        237.843086468564     
  0.568536543566040       -3.14212182459863        182.209082743659     
  0.547064887486982        19.5554874318994        205.908326485547     
  0.510850861722258       -71.0307387925001        229.459237875468     
  0.585925259518230       -28.8151965890188        250.462965761938     
  0.579508862826640        69.0670810217562        262.620836345700     
  0.377954604468227       -68.8366454535508        236.198807659437     
  0.387482301702170       -30.6048146579199        246.102133375633     
  0.457883810392327       -20.9288301063411        191.277209071647     
  0.450102368620229        36.7293243837549        257.071421686937     
  0.429321420955188        25.5939177909026        215.909322937859     
  0.419729452324612       -48.4170443175874        266.830218060682     
  0.434868503636814       -66.3927012178753        241.332306489441     
  0.557147668768962       0.772382563783935        230.574407349178     
  0.463285562237068       -56.5066549830663        191.684174980448     
  0.561216922301972       -2.39177783912544        267.428860075131     
  0.382374503220854        4.35266404940580        193.794459441139     
  0.475061370168304       -57.7942637725116        207.183459917081     
  0.510224500651567       -37.0638828450215        221.973083943393     
  0.595619075714005        14.6811895918148        247.708902226178     
  0.575113646441321        63.0939741389432        198.744799415327     
  0.569912950326653        55.1895459669004        184.657848206719     
  0.398732789408966       -31.5472250442820        228.720473996758     
