RUNNING THE L-BFGS-B CODE

it    = iteration number
nf    = number of function evaluations
nseg  = number of segments explored during the Cauchy search
nact  = number of active bounds at the generalized Cauchy point
sub   = manner in which the subspace minimization terminated:
        con = converged, bnd = a bound was reached
itls  = number of iterations performed in the line search
stepl = step length used
tstep = norm of the displacement (total step)
projg = norm of the projected gradient
f     = function value

           * * *

Machine precision = 2.220D-16
 N =           47     M =           10

   it   nf  nseg  nact  sub  itls  stepl    tstep     projg        f
    0    1     -     -   -     -     -        -     2.098D+01  9.625D+09
    1    2    47    47  ---    0   1.0D+00   1.4D+02  3.438D-02  4.169D+06
    2   38     1     0  ---   15   4.6D+02   1.0D+02  1.568D+01  7.321D+04
    3   42    45    44  bnd    3   7.6D-03   8.0D-01  2.453D+01  1.149D+04
    4   43     1     0  con    0   1.0D+00   2.0D-02  2.450D+01  1.143D+04
    5   44     1     0  con    0   1.0D+00   2.4D-02  2.446D+01  1.138D+04
    6   45     1     0  con    0   1.0D+00   8.1D-02  1.559D+01  1.126D+04
    7   46     1     0  con    0   1.0D+00   2.0D-01  1.564D+01  1.102D+04
    8   47     1     0  con    0   1.0D+00   3.0D-01  1.570D+01  1.068D+04
    9   48     1     0  con    0   1.0D+00   3.9D-01  1.578D+01  1.007D+04
   10   49     1     0  con    0   1.0D+00   5.6D-01  1.588D+01  8.870D+03
   11   50     1     0  con    0   1.0D+00   5.5D-01  1.596D+01  7.937D+03
   12   52     1     0  con    1   4.1D-01   4.2D-01  1.603D+01  7.567D+03
   13   53     1     0  con    0   1.0D+00   1.2D+00  1.620D+01  6.623D+03
   14   54     1     0  con    0   1.0D+00   3.5D-01  2.577D+01  6.238D+03
   15   55     1     0  con    0   1.0D+00   9.8D-01  1.634D+01  5.699D+03
   16   56     1     0  con    0   1.0D+00   1.1D-01  1.635D+01  5.556D+03
   17   57     1     0  con    0   1.0D+00   1.4D+00  1.647D+01  5.313D+03
   18   58     1     0  con    0   1.0D+00   1.3D-01  2.411D+01  5.062D+03
   19   59     1     0  con    0   1.0D+00   5.8D-01  1.650D+01  4.905D+03
   20   61     1     0  con    1   2.9D-01   6.3D-01  1.654D+01  4.798D+03
   21   62     1     0  con    0   1.0D+00   6.9D-01  1.659D+01  4.703D+03
   22   63     1     0  con    0   1.0D+00   5.8D-01  1.662D+01  4.555D+03
   23   64     1     0  con    0   1.0D+00   9.7D-01  1.668D+01  4.464D+03
   24   65     1     0  con    0   1.0D+00   7.6D-01  1.672D+01  4.349D+03
   25   67     1     0  con    1   4.7D-01   6.9D-01  1.676D+01  4.313D+03
   26   68     1     0  con    0   1.0D+00   7.8D-01  1.679D+01  4.260D+03
   27   69     1     0  con    0   1.0D+00   5.1D-01  1.686D+01  4.196D+03
   28   71     1     0  con    1   3.2D-01   4.8D-01  1.691D+01  4.174D+03
   29   72     1     0  con    0   1.0D+00   5.6D-01  1.698D+01  4.155D+03
   30   73     1     0  con    0   1.0D+00   1.0D-01  1.700D+01  4.127D+03
   31   74     1     0  con    0   1.0D+00   5.0D-01  1.708D+01  4.107D+03
   32   75     1     0  con    0   1.0D+00   1.7D-01  1.712D+01  4.089D+03
   33   77     1     0  con    1   3.7D-01   1.9D-01  1.715D+01  4.082D+03
   34   78     1     0  con    0   1.0D+00   4.1D-01  1.722D+01  4.072D+03
   35   79     1     0  con    0   1.0D+00   1.1D-01  2.393D+01  4.064D+03
   36   80     1     0  con    0   1.0D+00   3.4D-01  1.728D+01  4.059D+03
   37   81     1     0  con    0   1.0D+00   7.6D-02  1.729D+01  4.056D+03
   38   82     1     0  con    0   1.0D+00   3.4D-01  1.734D+01  4.055D+03
   39   83     1     0  con    0   1.0D+00   4.8D-02  2.487D+01  4.053D+03
   40   84     1     0  con    0   1.0D+00   1.1D-01  1.735D+01  4.052D+03
   41   85     1     0  con    0   1.0D+00   1.0D-01  1.736D+01  4.052D+03
   42   86     1     0  con    0   1.0D+00   1.5D-02  1.736D+01  4.052D+03
   43   87     1     0  con    0   1.0D+00   3.8D-02  1.033D+01  4.052D+03
   44   88     1     0  con    0   1.0D+00   8.8D-03  1.262D+01  4.052D+03
   45   89     1     0  con    0   1.0D+00   9.8D-03  1.606D+01  4.052D+03
   46   90     1     0  con    0   1.0D+00   3.0D-02  2.287D+01  4.052D+03
   47   91     1     0  con    0   1.0D+00   4.8D-02  2.364D+01  4.052D+03
   48   92     1     0  con    0   1.0D+00   1.1D-01  2.397D+01  4.052D+03
   49   93     1     0  con    0   1.0D+00   2.8D-01  7.357D+00  4.052D+03
   50   95     1     0  con    1   2.2D-01   1.9D-01  1.737D+01  4.051D+03
   51   97     1     0  con    1   3.7D-01   1.7D-01  1.736D+01  4.051D+03
   52   98     1     0  con    0   1.0D+00   1.4D-01  1.732D+01  4.050D+03
   53   99     1     0  con    0   1.0D+00   2.4D-01  1.731D+01  4.049D+03
   54  100     1     0  con    0   1.0D+00   4.8D-02  1.729D+01  4.048D+03
   55  101     1     0  con    0   1.0D+00   1.0D-01  1.728D+01  4.048D+03
   56  102     1     0  con    0   1.0D+00   3.5D-01  1.726D+01  4.047D+03
   57  103     1     0  con    0   1.0D+00   1.3D-01  2.347D+01  4.046D+03
   58  105     1     0  con    1   4.4D-01   2.0D-01  1.725D+01  4.045D+03
   59  107     1     0  con    1   3.0D-01   8.5D-02  1.724D+01  4.045D+03
   60  108     1     0  con    0   1.0D+00   5.6D-02  1.722D+01  4.044D+03
   61  110     1     0  con    1   1.8D-01   2.4D-01  1.722D+01  4.044D+03
   62  111     1     0  con    0   1.0D+00   8.5D-02  1.720D+01  4.043D+03
   63  113     1     0  con    1   3.0D-01   9.9D-02  1.718D+01  4.042D+03
   64  115     1     0  con    1   4.0D-01   9.9D-02  1.717D+01  4.042D+03
   65  116     1     0  con    0   1.0D+00   2.0D-01  1.715D+01  4.041D+03
   66  117     1     0  con    0   1.0D+00   1.6D-01  1.714D+01  4.040D+03
   67  119     1     0  con    1   2.9D-01   1.4D-01  1.712D+01  4.039D+03
   68  120     1     0  con    0   1.0D+00   2.9D-01  1.709D+01  4.039D+03
   69  121     1     0  con    0   1.0D+00   4.2D-03  1.710D+01  4.038D+03
   70  122     1     0  con    0   1.0D+00   2.2D-01  1.708D+01  4.037D+03
   71  124     1     0  con    1   2.3D-01   1.7D-01  1.706D+01  4.037D+03
   72  125     1     0  con    0   1.0D+00   3.0D-01  1.706D+01  4.036D+03
   73  126     1     0  con    0   1.0D+00   9.3D-02  1.707D+01  4.035D+03
   74  127     1     0  con    0   1.0D+00   3.9D-01  1.710D+01  4.035D+03
   75  128     1     0  con    0   1.0D+00   1.7D-02  1.710D+01  4.034D+03
   76  129     1     0  con    0   1.0D+00   3.8D-01  1.713D+01  4.033D+03
   77  130     1     0  con    0   1.0D+00   2.1D-01  1.714D+01  4.033D+03
   78  131     1     0  con    0   1.0D+00   2.6D-01  2.501D+01  4.032D+03
   79  133     1     0  con    1   2.3D-01   2.8D-01  1.163D+01  4.031D+03
   80  136     1     0  con    2   5.7D-02   1.5D-01  1.719D+01  4.031D+03
   81  137     1     0  con    0   1.0D+00   7.6D-02  1.719D+01  4.031D+03
   82  138     1     0  con    0   1.0D+00   2.7D-01  1.721D+01  4.030D+03
   83  139     1     0  con    0   1.0D+00   1.5D-01  1.721D+01  4.030D+03
   84  140     1     0  con    0   1.0D+00   3.3D-01  1.723D+01  4.029D+03
   85  141     1     0  con    0   1.0D+00   3.2D-01  2.316D+01  4.028D+03
   86  144     1     0  con    2   6.0D-02   1.9D-01  1.725D+01  4.027D+03
   87  146     1     0  con    1   2.5D-01   1.9D-01  1.726D+01  4.027D+03
   88  147     1     0  con    0   1.0D+00   2.3D-01  1.727D+01  4.027D+03
   89  148     1     0  con    0   1.0D+00   2.3D-01  1.727D+01  4.026D+03
   90  149     1     0  con    0   1.0D+00   3.0D-01  1.728D+01  4.025D+03
   91  151     1     0  con    1   1.9D-01   2.1D-01  1.729D+01  4.025D+03
   92  152     1     0  con    0   1.0D+00   4.7D-01  1.730D+01  4.025D+03
   93  153     1     0  con    0   1.0D+00   3.0D-02  1.730D+01  4.024D+03
   94  154     1     0  con    0   1.0D+00   4.0D-01  1.731D+01  4.024D+03
   95  156     1     0  con    1   3.4D-01   2.7D-01  1.732D+01  4.023D+03
   96  157     1     0  con    0   1.0D+00   3.8D-01  1.733D+01  4.023D+03
   97  158     1     0  con    0   1.0D+00   3.1D-01  2.285D+01  4.022D+03
   98  160     1     0  con    1   2.4D-01   3.0D-01  1.734D+01  4.021D+03
   99  162     1     0  con    1   2.9D-01   2.1D-01  1.734D+01  4.021D+03
  100  163     1     0  con    0   1.0D+00   2.4D-01  1.735D+01  4.021D+03
  101  164     1     0  con    0   1.0D+00   4.0D-01  1.736D+01  4.020D+03
  102  165     1     0  con    0   1.0D+00   3.8D-01  1.736D+01  4.020D+03
  103  166     1     0  con    0   1.0D+00   6.4D-01  1.737D+01  4.019D+03
  104  167     1     0  con    0   1.0D+00   9.2D-01  1.739D+01  4.018D+03
  105  169     1     0  con    1   2.5D-01   9.1D-03  5.903D+00  4.017D+03
  106  170     1     0  con    0   1.0D+00   6.4D-01  1.740D+01  4.017D+03
  107  171     1     0  con    0   1.0D+00   1.7D-01  1.740D+01  4.017D+03
  108  173     1     0  con    1   5.2D-01   3.5D-01  1.741D+01  4.016D+03
  109  174     1     0  con    0   1.0D+00   7.9D-01  2.288D+01  4.015D+03
  110  176     1     0  con    1   1.2D-01   2.6D-01  1.742D+01  4.015D+03
  111  177     1     0  con    0   1.0D+00   2.4D-01  1.742D+01  4.015D+03
  112  178     1     0  con    0   1.0D+00   6.0D-01  1.743D+01  4.014D+03
  113  179     1     0  con    0   1.0D+00   4.7D-01  1.744D+01  4.013D+03
  114  181     1     0  con    1   1.3D-01   2.9D-01  1.745D+01  4.013D+03
  115  182     1     0  con    0   1.0D+00   5.3D-01  1.746D+01  4.013D+03
  116  183     1     0  con    0   1.0D+00   3.8D-01  1.776D+01  4.012D+03
  117  185     1     0  con    1   2.7D-01   3.7D-01  1.747D+01  4.012D+03
  118  187     1     0  con    1   3.7D-01   2.9D-01  1.748D+01  4.012D+03
  119  188     1     0  con    0   1.0D+00   2.9D-01  1.748D+01  4.011D+03
  120  189     1     0  con    0   1.0D+00   5.0D-01  1.751D+01  4.011D+03
  121  191     1     0  con    1   4.2D-01   2.6D-01  1.752D+01  4.010D+03
  122  192     1     0  con    0   1.0D+00   6.2D-01  1.755D+01  4.010D+03
  123  193     1     0  con    0   1.0D+00   1.6D-01  2.420D+01  4.010D+03
  124  194     1     0  con    0   1.0D+00   2.2D-01  1.756D+01  4.009D+03
  125  195     1     0  con    0   1.0D+00   2.8D-01  1.757D+01  4.009D+03
  126  196     1     0  con    0   1.0D+00   8.1D-03  1.757D+01  4.009D+03
  127  197     1     0  con    0   1.0D+00   2.8D-01  1.757D+01  4.009D+03
  128  199     1     0  con    1   3.8D-01   4.2D-01  1.758D+01  4.009D+03
  129  201     1     0  con    1   5.0D-01   2.8D-01  1.758D+01  4.009D+03
  130  202     1     0  con    0   1.0D+00   2.0D-01  1.758D+01  4.008D+03
  131  203     1     0  con    0   1.0D+00   3.1D-01  1.759D+01  4.008D+03
  132  205     1     0  con    1   2.5D-01   2.3D-01  1.759D+01  4.008D+03
  133  206     1     0  con    0   1.0D+00   5.1D-01  1.760D+01  4.008D+03
  134  207     1     0  con    0   1.0D+00   1.2D-01  1.760D+01  4.008D+03
  135  208     1     0  con    0   1.0D+00   5.6D-01  1.760D+01  4.007D+03
  136  209     1     0  con    0   1.0D+00   4.9D-02  1.761D+01  4.007D+03
  137  211     1     0  con    1   5.2D-01   3.6D-01  1.761D+01  4.007D+03
  138  212     1     0  con    0   1.0D+00   5.4D-01  1.763D+01  4.007D+03
  139  213     1     0  con    0   1.0D+00   8.0D-02  7.916D+00  4.007D+03
  140  214     1     0  con    0   1.0D+00   4.3D-01  1.764D+01  4.006D+03
  141  215     1     0  con    0   1.0D+00   2.3D-01  1.765D+01  4.006D+03
  142  216     1     0  con    0   1.0D+00   2.6D-01  8.721D+00  4.006D+03
  143  218     1     0  con    1   4.5D-01   2.3D-01  1.766D+01  4.006D+03
  144  219     1     0  con    0   1.0D+00   2.2D-01  1.767D+01  4.006D+03
  145  220     1     0  con    0   1.0D+00   1.7D-01  1.767D+01  4.006D+03
  146  221     1     0  con    0   1.0D+00   5.1D-01  1.768D+01  4.006D+03
  147  222     1     0  con    0   1.0D+00   6.6D-01  1.769D+01  4.006D+03
  148  223     1     0  con    0   1.0D+00   4.4D-01  2.398D+01  4.005D+03
  149  226     1     0  con    2   5.0D-02   1.9D-01  9.236D+00  4.005D+03
  150  228     1     0  con    1   3.2D-01   1.7D-01  1.768D+01  4.005D+03
  151  229     1     0  con    0   1.0D+00   1.1D-01  1.767D+01  4.005D+03
  152  230     1     0  con    0   1.0D+00   1.5D-01  1.767D+01  4.005D+03
  153  231     1     0  con    0   1.0D+00   2.7D-01  1.767D+01  4.004D+03
  154  232     1     0  con    0   1.0D+00   6.2D-01  1.767D+01  4.004D+03
  155  233     1     0  con    0   1.0D+00   3.9D-01  1.768D+01  4.004D+03
  156  235     1     0  con    1   2.6D-01   3.6D-01  1.769D+01  4.004D+03
  157  237     1     0  con    1   4.5D-01   3.4D-01  1.770D+01  4.004D+03
  158  238     1     0  con    0   1.0D+00   4.7D-01  1.771D+01  4.003D+03
  159  239     1     0  con    0   1.0D+00   3.3D-02  1.772D+01  4.003D+03
  160  241     1     0  con    1   4.3D-01   2.1D-01  1.773D+01  4.003D+03
  161  242     1     0  con    0   1.0D+00   1.8D-01  1.774D+01  4.003D+03
  162  243     1     0  con    0   1.0D+00   1.3D-01  1.774D+01  4.002D+03
  163  244     1     0  con    0   1.0D+00   4.3D-01  1.776D+01  4.002D+03
  164  245     1     0  con    0   1.0D+00   3.8D-01  1.776D+01  4.002D+03
  165  247     1     0  bnd    1   2.6D-01   2.4D-01  1.776D+01  4.002D+03
  166  248     1     0  con    0   1.0D+00   4.2D-01  1.776D+01  4.001D+03
  167  249     1     0  con    0   1.0D+00   1.4D-01  1.776D+01  4.001D+03
  168  250     1     0  bnd    0   1.0D+00   4.3D-01  1.777D+01  4.001D+03
  169  251     1     1  con    0   1.0D+00   1.8D-01  1.777D+01  4.001D+03
  170  252     1     1  bnd    0   1.0D+00   3.2D-01  1.777D+01  4.001D+03
  171  253     1     2  bnd    0   1.0D+00   4.3D-01  1.778D+01  4.000D+03
  172  254     1     4  con    0   1.0D+00   3.9D-02  1.779D+01  4.000D+03
  173  255     1     4  con    0   1.0D+00   4.7D-02  2.341D+01  4.000D+03
  174  257     1     0  bnd    1   1.9D-01   1.8D-01  1.781D+01  4.000D+03
  175  259     1     4  con    1   3.4D-01   2.3D-01  1.782D+01  4.000D+03
  176  260     1     4  con    0   1.0D+00   3.9D-01  1.782D+01  4.000D+03
  177  261     1     4  con    0   1.0D+00   1.2D-01  1.782D+01  3.999D+03
  178  262     1     4  bnd    0   1.0D+00   5.5D-01  1.784D+01  3.999D+03
  179  263     1     5  con    0   1.0D+00   4.2D-01  1.785D+01  3.999D+03
  180  264     1     5  con    0   1.0D+00   4.0D-01  1.786D+01  3.998D+03
  181  266     1     5  con    1   1.8D-01   3.1D-01  1.787D+01  3.998D+03
  182  268     1     5  con    1   4.6D-01   2.8D-01  1.787D+01  3.998D+03
  183  269     1     5  con    0   1.0D+00   4.5D-01  1.788D+01  3.998D+03
  184  271     1     5  con    1   1.7D-01   8.1D-02  1.789D+01  3.998D+03
  185  272     1     5  con    0   1.0D+00   8.2D-01  2.281D+01  3.997D+03
  186  274     1     0  bnd    1   1.2D-01   2.8D-01  1.791D+01  3.997D+03
  187  275     5     5  con    0   1.0D+00   3.2D-01  1.792D+01  3.997D+03
  188  276     1     5  con    0   1.0D+00   2.8D-01  1.792D+01  3.997D+03
  189  277     1     5  con    0   1.0D+00   3.7D-01  1.793D+01  3.997D+03
  190  279     1     5  con    1   2.2D-01   3.1D-01  1.794D+01  3.997D+03
  191  280     1     5  con    0   1.0D+00   6.3D-01  1.795D+01  3.997D+03
  192  281     1     5  con    0   1.0D+00   1.0D-02  1.794D+01  3.997D+03
  193  282     1     5  con    0   1.0D+00   4.7D-01  1.795D+01  3.996D+03
  194  285     1     5  bnd    2   3.8D-02   1.4D-01  1.796D+01  3.996D+03
  195  287     1     5  con    1   4.5D-01   4.5D-01  1.796D+01  3.996D+03
  196  288     1     5  con    0   1.0D+00   4.1D-01  1.797D+01  3.996D+03
  197  289     1     5  con    0   1.0D+00   7.1D-01  1.471D+01  3.996D+03
  198  291     1     4  bnd    1   1.7D-01   2.2D-01  1.797D+01  3.996D+03
  199  293     2     5  con    1   4.1D-01   2.7D-01  1.798D+01  3.996D+03
  200  294     2     5  con    0   1.0D+00   1.7D-01  1.798D+01  3.995D+03
  201  295     1     5  con    0   1.0D+00   2.2D-01  1.467D+01  3.995D+03
  202  297     1     5  con    1   2.7D-01   2.4D-01  1.798D+01  3.995D+03
  203  299     1     5  con    1   4.5D-01   1.8D-01  1.798D+01  3.995D+03
  204  300     1     5  con    0   1.0D+00   2.5D-01  1.798D+01  3.995D+03
  205  303     1     5  bnd    2   3.5D-02   2.1D-01  1.799D+01  3.995D+03
  206  304     1     5  con    0   1.0D+00   3.6D-01  1.800D+01  3.995D+03
  207  305     1     5  con    0   1.0D+00   5.6D-01  1.801D+01  3.994D+03
  208  306     1     5  con    0   1.0D+00   3.4D-01  6.481D+00  3.994D+03
  209  308     1     1  con    1   2.8D-01   2.6D-01  1.803D+01  3.994D+03
  210  310     5     5  con    1   4.3D-01   2.1D-01  1.803D+01  3.994D+03
  211  311     5     5  con    0   1.0D+00   3.4D-01  1.804D+01  3.994D+03
  212  312     1     5  bnd    0   1.0D+00   3.2D-01  1.805D+01  3.994D+03
  213  313     1     6  con    0   1.0D+00   4.1D-01  1.806D+01  3.994D+03
  214  314     1     6  con    0   1.0D+00   4.1D-01  1.807D+01  3.993D+03
  215  316     1     6  con    1   3.8D-01   2.0D-01  1.808D+01  3.993D+03
  216  318     1     6  con    1   4.3D-01   3.7D-01  1.809D+01  3.993D+03
  217  320     1     6  con    1   4.0D-01   3.5D-01  1.809D+01  3.993D+03
  218  321     1     6  con    0   1.0D+00   3.5D-01  1.808D+01  3.993D+03
  219  322     1     6  con    0   1.0D+00   3.2D-01  2.284D+01  3.993D+03
  220  324     1     0  bnd    1   1.7D-01   4.2D-01  1.809D+01  3.993D+03
  221  326     5     5  con    1   3.5D-01   2.4D-01  1.810D+01  3.993D+03
  222  327     5     5  con    0   1.0D+00   2.5D-01  1.810D+01  3.992D+03
  223  328     1     5  con    0   1.0D+00   5.5D-01  1.811D+01  3.992D+03
  224  329     1     5  con    0   1.0D+00   9.3D-02  2.285D+01  3.992D+03
  225  330     1     0  con    0   1.0D+00   3.4D-01  1.812D+01  3.992D+03
  226  332     1     0  bnd    1   1.6D-01   2.9D-01  1.812D+01  3.992D+03
  227  333     1     0  con    0   1.0D+00   3.0D-01  1.812D+01  3.992D+03
  228  334     1     0  con    0   1.0D+00   3.7D-01  1.813D+01  3.992D+03
  229  335     1     0  con    0   1.0D+00   5.0D-01  1.814D+01  3.992D+03
  230  337     1     0  bnd    1   2.5D-01   3.6D-01  1.814D+01  3.992D+03
  231  338     1     0  con    0   1.0D+00   7.5D-01  1.815D+01  3.992D+03
  232  339     1     0  con    0   1.0D+00   4.0D-02  1.815D+01  3.991D+03
  233  340     1     0  bnd    0   1.0D+00   6.1D-01  1.816D+01  3.991D+03
  234  342     1     1  con    1   3.2D-01   4.5D-01  1.817D+01  3.991D+03
  235  343     1     1  con    0   1.0D+00   6.6D-01  1.817D+01  3.991D+03
  236  344     1     1  con    0   1.0D+00   4.6D-01  1.818D+01  3.991D+03
  237  346     1     0  bnd    1   3.8D-01   5.1D-01  1.819D+01  3.991D+03
  238  347     1     1  con    0   1.0D+00   7.8D-01  1.820D+01  3.991D+03
  239  348     1     1  con    0   1.0D+00   7.1D-02  1.820D+01  3.991D+03
  240  349     1     1  con    0   1.0D+00   6.9D-01  1.821D+01  3.991D+03
  241  351     1     1  con    1   4.1D-01   5.5D-01  1.822D+01  3.991D+03
  242  352     1     1  con    0   1.0D+00   7.0D-01  1.823D+01  3.990D+03
  243  353     1     1  con    0   1.0D+00   7.0D-01  1.822D+01  3.990D+03
  244  355     1     1  con    1   4.8D-01   6.3D-02  1.600D+01  3.990D+03
  245  356     1     0  bnd    0   1.0D+00   6.4D-01  1.822D+01  3.990D+03
  246  357     1     1  con    0   1.0D+00   3.5D-01  1.823D+01  3.990D+03
  247  359     1     1  con    1   3.2D-01   6.3D-01  1.823D+01  3.990D+03
  248  361     1     1  con    1   3.8D-01   3.8D-01  1.824D+01  3.990D+03
  249  362     1     1  con    0   1.0D+00   7.0D-01  1.824D+01  3.990D+03
  250  363     1     1  con    0   1.0D+00   3.9D-01  2.297D+01  3.990D+03
  251  365     1     0  con    1   2.2D-01   5.5D-01  1.825D+01  3.990D+03
  252  367     1     0  bnd    1   3.3D-01   2.4D-01  1.826D+01  3.990D+03
  253  368     1     0  bnd    0   1.0D+00   3.4D-01  1.825D+01  3.989D+03
  254  369     1     1  bnd    0   1.0D+00   6.4D-01  1.827D+01  3.989D+03
  255  371     1     2  con    1   4.1D-01   1.3D-01  1.827D+01  3.989D+03
  256  374     1     2  con    2   2.1D+01   4.7D-01  1.827D+01  3.989D+03
  257  377     1     2  con    2   1.2D-01   3.4D-01  1.827D+01  3.989D+03
  258  378     1     2  con    0   1.0D+00   3.4D-01  1.828D+01  3.989D+03
  259  379     1     2  con    0   1.0D+00   3.8D-01  1.828D+01  3.989D+03
  260  381     1     2  con    1   4.2D-01   2.5D-01  1.829D+01  3.989D+03
  261  383     1     2  con    1   4.1D-01   2.8D-01  1.829D+01  3.989D+03
  262  384     1     2  con    0   1.0D+00   3.9D-01  2.170D+01  3.989D+03
  263  386     1     1  bnd    1   1.8D-01   3.7D-01  1.831D+01  3.989D+03
  264  387     1     2  con    0   1.0D+00   1.3D-01  1.831D+01  3.989D+03
  265  389     1     2  bnd    1   5.0D-01   4.4D-01  1.832D+01  3.989D+03
  266  390     1     2  bnd    0   1.0D+00   4.5D-01  1.832D+01  3.988D+03
  267  391     1     3  con    0   1.0D+00   3.6D-01  2.303D+01  3.988D+03
  268  393     1     0  bnd    1   2.1D-01   3.7D-01  1.834D+01  3.988D+03
  269  395     1     3  con    1   1.9D-01   2.1D-01  1.834D+01  3.988D+03
  270  396     1     3  con    0   1.0D+00   2.2D-01  1.835D+01  3.988D+03
  271  397     1     3  con    0   1.0D+00   3.7D-01  1.835D+01  3.988D+03
  272  398     1     3  con    0   1.0D+00   3.4D-01  1.836D+01  3.988D+03
  273  400     1     3  con    1   3.7D-01   3.0D-01  1.837D+01  3.988D+03
  274  401     1     3  con    0   1.0D+00   5.3D-01  1.838D+01  3.988D+03
  275  402     1     3  bnd    0   1.0D+00   1.5D-01  2.048D+00  3.988D+03
  276  404     1     3  bnd    1   5.4D-01   3.6D-01  1.839D+01  3.988D+03
  277  406     1     4  con    1   4.1D-01   1.5D-01  1.839D+01  3.988D+03
  278  407     1     4  con    0   1.0D+00   2.6D-01  1.840D+01  3.987D+03
  279  408     1     4  con    0   1.0D+00   2.2D-01  1.840D+01  3.987D+03
  280  410     1     4  con    1   2.6D-01   1.9D-01  1.841D+01  3.987D+03
  281  411     1     4  con    0   1.0D+00   3.3D-01  1.841D+01  3.987D+03
  282  412     1     4  con    0   1.0D+00   3.0D-02  1.841D+01  3.987D+03
  283  413     1     4  con    0   1.0D+00   1.8D-01  1.841D+01  3.987D+03
  284  415     1     4  con    1   4.7D-01   2.0D-01  1.842D+01  3.987D+03
  285  416     1     4  con    0   1.0D+00   1.7D-01  1.842D+01  3.987D+03
  286  417     1     4  con    0   1.0D+00   2.3D-01  9.059D+00  3.987D+03
  287  419     1     4  con    1   2.6D-01   3.4D-01  1.843D+01  3.987D+03
  288  421     1     4  con    1   2.9D-01   3.5D-01  1.843D+01  3.987D+03
  289  422     1     4  con    0   1.0D+00   7.1D-01  1.844D+01  3.987D+03
  290  423     1     4  con    0   1.0D+00   3.0D-01  1.845D+01  3.987D+03
  291  424     1     4  bnd    0   1.0D+00   4.8D-01  1.845D+01  3.987D+03
  292  425     1     5  con    0   1.0D+00   1.9D-02  1.845D+01  3.987D+03
  293  426     1     5  con    0   1.0D+00   1.9D-01  1.845D+01  3.987D+03
  294  427     1     5  con    0   1.0D+00   3.9D-01  1.846D+01  3.987D+03
  295  429     1     5  bnd    1   2.7D-01   4.1D-01  1.846D+01  3.987D+03
  296  431     1     5  con    1   4.2D-01   3.4D-01  1.847D+01  3.987D+03
  297  432     1     5  con    0   1.0D+00   2.6D-01  1.847D+01  3.987D+03
  298  433     1     5  con    0   1.0D+00   1.5D-01  3.298D+00  3.986D+03
  299  435     1     4  con    1   3.2D-01   2.7D-01  1.848D+01  3.986D+03
  300  437     2     5  con    1   1.8D-01   3.4D-01  1.848D+01  3.986D+03
  301  438     2     5  con    0   1.0D+00   4.7D-01  1.849D+01  3.986D+03
  302  439     1     5  con    0   1.0D+00   2.4D-01  1.849D+01  3.986D+03
  303  440     1     5  con    0   1.0D+00   6.6D-01  1.850D+01  3.986D+03
  304  441     1     5  con    0   1.0D+00   5.7D-01  1.850D+01  3.986D+03
  305  443     1     5  bnd    1   3.2D-01   2.9D-01  1.850D+01  3.986D+03
  306  444     1     5  con    0   1.0D+00   8.1D-01  1.851D+01  3.986D+03
  307  445     1     5  con    0   1.0D+00   8.0D-02  4.584D+00  3.986D+03
  308  446     1     4  bnd    0   1.0D+00   4.8D-01  1.852D+01  3.986D+03
  309  447     2     6  con    0   1.0D+00   4.2D-01  1.852D+01  3.986D+03
  310  448     1     6  con    0   1.0D+00   4.4D-01  1.852D+01  3.986D+03
  311  449     1     6  con    0   1.0D+00   4.4D-01  1.852D+01  3.986D+03
  312  451     1     6  con    1   4.6D-01   4.6D-01  1.853D+01  3.986D+03
  313  452     1     6  con    0   1.0D+00   6.6D-01  1.853D+01  3.986D+03
  314  453     1     6  con    0   1.0D+00   4.4D-01  9.181D-01  3.986D+03
  315  455     1     4  bnd    1   3.8D-01   5.1D-01  1.853D+01  3.986D+03
  316  457     1     5  con    1   5.2D-01   4.5D-01  1.853D+01  3.986D+03
  317  458     1     5  con    0   1.0D+00   3.8D-01  1.854D+01  3.986D+03
  318  459     1     5  con    0   1.0D+00   6.4D-01  1.854D+01  3.986D+03
  319  461     1     5  con    1   5.3D-01   5.4D-01  1.854D+01  3.986D+03
  320  462     1     5  con    0   1.0D+00   1.2D+00  1.854D+01  3.985D+03
  321  464     1     5  con    1   5.1D-01   8.8D-02  1.609D+01  3.985D+03
  322  465     1     4  bnd    0   1.0D+00   7.8D-01  1.854D+01  3.985D+03
  323  467     1     5  con    1   3.0D-01   3.8D-01  1.855D+01  3.985D+03
  324  468     1     5  con    0   1.0D+00   4.5D-01  1.855D+01  3.985D+03
  325  469     1     5  con    0   1.0D+00   7.0D-01  1.855D+01  3.985D+03
  326  471     1     5  con    1   4.0D-01   4.0D-01  1.855D+01  3.985D+03
  327  473     1     5  bnd    1   4.4D-01   6.6D-01  1.855D+01  3.985D+03
  328  474     1     5  con    0   1.0D+00   7.7D-01  1.856D+01  3.985D+03
  329  475     1     5  con    0   1.0D+00   2.7D-01  2.224D+01  3.985D+03
  330  477     1     3  bnd    1   2.4D-01   6.1D-01  1.856D+01  3.985D+03
  331  479     1     5  bnd    1   1.6D-01   3.6D-01  1.856D+01  3.985D+03
  332  480     1     5  bnd    0   1.0D+00   4.0D-01  1.856D+01  3.985D+03
  333  481     1     6  bnd    0   1.0D+00   5.6D-01  1.857D+01  3.985D+03
  334  482     1     7  con    0   1.0D+00   5.7D-01  1.857D+01  3.985D+03
  335  484     1     7  bnd    1   2.4D-01   4.1D-01  1.858D+01  3.985D+03
  336  485     1     7  con    0   1.0D+00   8.4D-01  1.859D+01  3.985D+03
  337  486     1     7  con    0   1.0D+00   1.9D-01  1.859D+01  3.985D+03
  338  487     1     7  con    0   1.0D+00   5.6D-01  1.859D+01  3.985D+03
  339  489     1     7  bnd    1   2.8D-01   4.1D-01  1.860D+01  3.985D+03
  340  490     1     7  con    0   1.0D+00   6.3D-01  1.861D+01  3.985D+03
  341  491     1     7  con    0   1.0D+00   3.6D-01  1.861D+01  3.985D+03
  342  493     1     7  con    1   4.8D-01   4.0D-01  1.862D+01  3.985D+03
  343  495     1     7  con    1   4.8D-01   3.8D-01  1.862D+01  3.985D+03
  344  496     1     7  con    0   1.0D+00   5.0D-01  1.863D+01  3.985D+03
  345  497     1     7  con    0   1.0D+00   1.1D+00  1.863D+01  3.985D+03
  346  504     1     7  bnd    6   7.3D-04   4.5D-02  1.863D+01  3.985D+03
  347  505     1     7  con    0   1.0D+00   8.0D-01  1.864D+01  3.985D+03
  348  506     1     7  bnd    0   1.0D+00   9.0D-01  1.863D+01  3.985D+03
  349  507     1     8  con    0   1.0D+00   5.3D-01  1.863D+01  3.985D+03
  350  508     1     8  con    0   1.0D+00   8.4D-01  1.864D+01  3.985D+03
  351  510     1     8  con    1   2.2D-01   5.2D-01  1.864D+01  3.985D+03
  352  511     1     8  con    0   1.0D+00   7.0D-01  1.864D+01  3.985D+03
  353  512     1     8  con    0   1.0D+00   6.2D-01  1.865D+01  3.985D+03
  354  513     1     8  con    0   1.0D+00   9.9D-01  1.865D+01  3.984D+03
  355  514     1     8  con    0   1.0D+00   8.1D-01  1.249D+01  3.984D+03
  356  516     1     7  con    1   2.1D-01   5.7D-01  1.866D+01  3.984D+03
  357  518     2     8  con    1   5.3D-01   7.2D-01  1.867D+01  3.984D+03
  358  519     2     8  con    0   1.0D+00   6.8D-01  1.867D+01  3.984D+03
  359  520     1     8  con    0   1.0D+00   1.3D+00  1.867D+01  3.984D+03
  360  522     1     8  bnd    1   2.2D-01   8.2D-01  1.867D+01  3.984D+03
  361  523     1     8  con    0   1.0D+00   2.0D+00  1.868D+01  3.984D+03
  362  524     1     8  con    0   1.0D+00   2.3D-01  1.868D+01  3.984D+03
  363  525     1     8  bnd    0   1.0D+00   1.6D+00  1.868D+01  3.984D+03
  364  526     1     9  bnd    0   1.0D+00   2.0D-01  5.795D+00  3.984D+03
  365  527     1    10  con    0   1.0D+00   9.5D-02  1.594D+01  3.984D+03
  366  528     1     9  con    0   1.0D+00   1.1D-01  2.131D+01  3.984D+03
  367  529     1     7  bnd    0   1.0D+00   2.8D-01  2.131D+01  3.984D+03
  368  531     1     5  bnd    1   2.1D-01   5.3D-01  1.869D+01  3.984D+03
  369  532     1     9  con    0   1.0D+00   4.2D-01  1.869D+01  3.984D+03
  370  533     1     9  con    0   1.0D+00   1.5D-01  1.869D+01  3.984D+03
  371  534     1     9  con    0   1.0D+00   2.1D-01  1.869D+01  3.984D+03
  372  535     1     9  con    0   1.0D+00   9.9D-01  1.869D+01  3.984D+03
  373  536     1     9  con    0   1.0D+00   3.8D-01  1.870D+01  3.984D+03
  374  537     1     9  con    0   1.0D+00   2.2D-01  2.130D+01  3.984D+03
  375  539     1     8  bnd    1   4.8D-01   2.7D-01  2.265D+00  3.984D+03
  376  541     1     9  con    1   5.2D-01   2.0D-01  1.337D+01  3.984D+03
  377  543     1     9  con    1   5.0D+00   2.5D-01  1.678D+01  3.984D+03
  378  544     1     9  con    0   1.0D+00   3.7D-01  1.871D+01  3.984D+03
  379  545     1     9  con    0   1.0D+00   2.8D-01  8.160D+00  3.984D+03
  380  546     1     9  con    0   1.0D+00   4.6D-01  1.871D+01  3.984D+03
  381  547     1     9  con    0   1.0D+00   1.2D-01  9.957D-01  3.984D+03
  382  548     1     9  con    0   1.0D+00   5.2D-02  6.670D+00  3.984D+03
  383  549     1     9  con    0   1.0D+00   1.3D-01  1.840D+01  3.984D+03
  384  550     1     9  con    0   1.0D+00   1.9D-02  1.210D+01  3.984D+03
  385  551     1     9  con    0   1.0D+00   1.0D-01  2.008D+00  3.984D+03
  386  552     1     9  con    0   1.0D+00   5.1D-02  8.099D-01  3.984D+03
  387  553     1     9  con    0   1.0D+00   3.1D-02  2.224D+00  3.984D+03
  388  554     1     9  con    0   1.0D+00   3.3D-02  2.704D+00  3.984D+03
  389  555     1     9  con    0   1.0D+00   2.1D-02  9.025D+00  3.984D+03
  390  556     1     9  con    0   1.0D+00   6.8D-02  5.842D+00  3.984D+03
  391  557     1     9  con    0   1.0D+00   4.1D-02  8.469D+00  3.984D+03
  392  558     1     9  con    0   1.0D+00   1.4D-01  1.271D+01  3.984D+03
  393  559     1     9  con    0   1.0D+00   2.4D-01  1.350D+01  3.984D+03
  394  562     1     9  con    2   4.0D-02   2.1D-01  1.591D+01  3.984D+03
  395  563     1     9  con    0   1.0D+00   5.5D-01  1.872D+01  3.984D+03
  396  564     1     9  con    0   1.0D+00   1.1D+00  1.871D+01  3.984D+03
  397  565     1     9  con    0   1.0D+00   4.5D-01  2.187D+01  3.984D+03
  398  567     1     5  bnd    1   2.8D-01   1.0D+00  1.872D+01  3.984D+03
  399  569     1     9  con    1   2.0D-01   6.2D-01  1.872D+01  3.984D+03
  400  570     1     9  con    0   1.0D+00   4.6D-01  1.872D+01  3.984D+03
  401  571     1     9  con    0   1.0D+00   1.1D+00  1.872D+01  3.984D+03
  402  572     1     9  con    0   1.0D+00   8.1D-01  1.872D+01  3.984D+03
  403  573     1     9  con    0   1.0D+00   1.1D+00  1.873D+01  3.984D+03
  404  575     1     9  con    1   3.6D-01   4.1D-01  2.969D+00  3.984D+03
  405  576     1     9  bnd    0   1.0D+00   1.1D+00  1.872D+01  3.984D+03
  406  577     1    11  con    0   1.0D+00   1.0D+00  1.873D+01  3.984D+03
  407  578     1    10  con    0   1.0D+00   1.2D+00  1.873D+01  3.984D+03
  408  579     1    10  con    0   1.0D+00   5.9D-01  1.873D+01  3.984D+03
  409  581     1    10  con    1   1.3D-01   1.9D-01  1.873D+01  3.984D+03
  410  582     1    10  con    0   1.0D+00   3.2D-01  5.084D+00  3.984D+03
  411  584     1    10  con    1   3.6D-01   4.7D-01  1.873D+01  3.984D+03
  412  586     1    10  con    1   2.2D-01   4.5D-01  1.873D+01  3.984D+03
  413  587     1    10  con    0   1.0D+00   6.6D-01  1.873D+01  3.984D+03
  414  588     1    10  con    0   1.0D+00   3.8D-01  1.874D+01  3.984D+03
  415  589     1    10  bnd    0   1.0D+00   9.3D-01  1.874D+01  3.984D+03
  416  590     1    11  con    0   1.0D+00   7.1D-01  9.313D-01  3.984D+03
  417  591     1    11  con    0   1.0D+00   1.5D-02  1.182D+01  3.984D+03
  418  592     1    11  con    0   1.0D+00   5.7D-02  1.874D+01  3.984D+03
  419  593     1    11  con    0   1.0D+00   1.2D-01  1.874D+01  3.984D+03
  420  594     1    11  con    0   1.0D+00   1.3D-01  1.874D+01  3.984D+03
  421  595     1    11  con    0   1.0D+00   4.0D-01  1.874D+01  3.984D+03
  422  596     1    11  con    0   1.0D+00   3.7D-01  2.220D+01  3.984D+03
  423  598     1     3  bnd    1   3.3D-01   2.2D-01  8.098D-01  3.984D+03
  424  600     1    11  bnd    1   1.4D-01   3.7D-01  1.874D+01  3.984D+03
  425  601     1    11  con    0   1.0D+00   7.5D-01  1.874D+01  3.984D+03
  426  603     1    11  bnd    1   2.5D-01   7.6D-01  1.874D+01  3.984D+03
  427  604     1    11  con    0   1.0D+00   1.4D-01  1.875D+01  3.984D+03
  428  605     1    11  con    0   1.0D+00   3.6D-01  1.875D+01  3.984D+03
  429  607     1    11  con    1   3.2D-01   2.5D-01  1.875D+01  3.984D+03
  430  608     1    11  con    0   1.0D+00   8.1D-01  1.876D+01  3.984D+03
  431  610     1    11  bnd    1   2.6D-01   1.1D+00  1.876D+01  3.984D+03
  432  611     1    11  con    0   1.0D+00   4.5D-01  1.426D+01  3.984D+03
  433  613     1    10  bnd    1   2.9D-01   4.9D-01  1.876D+01  3.984D+03
  434  615     1    11  con    1   2.8D-01   3.1D-01  1.876D+01  3.984D+03
  435  616     1    11  con    0   1.0D+00   3.0D-01  1.876D+01  3.984D+03
  436  617     1    11  con    0   1.0D+00   5.6D-01  1.877D+01  3.984D+03
  437  618     1    11  con    0   1.0D+00   8.4D-01  1.877D+01  3.984D+03
  438  619     1    11  bnd    0   1.0D+00   1.0D+00  2.123D+01  3.984D+03
  439  622     1     5  bnd    2   7.1D-02   3.9D-01  1.877D+01  3.984D+03
  440  624     1    12  con    1   4.8D-01   5.1D-01  1.877D+01  3.984D+03
  441  625     1    12  con    0   1.0D+00   5.0D-01  1.877D+01  3.984D+03
  442  626     1    12  con    0   1.0D+00   7.5D-01  1.769D+01  3.984D+03
  443  628     1    12  bnd    1   2.6D-01   3.8D-01  1.877D+01  3.984D+03
  444  629     1    12  bnd    0   1.0D+00   5.7D-01  1.877D+01  3.984D+03
  445  630     1    13  con    0   1.0D+00   2.2D-01  1.877D+01  3.984D+03
  446  631     1    13  con    0   1.0D+00   6.1D-01  1.877D+01  3.984D+03
  447  632     1    13  con    0   1.0D+00   5.7D-01  5.426D+00  3.984D+03
  448  634     1    13  con    1   2.0D-01   4.5D-01  1.877D+01  3.984D+03
  449  636     1    13  con    1   3.9D-01   3.5D-01  1.877D+01  3.984D+03
  450  638     1    13  con    1   5.1D-01   4.4D-01  1.877D+01  3.984D+03
  451  639     1    13  con    0   1.0D+00   7.4D-01  1.878D+01  3.984D+03
  452  640     1    13  con    0   1.0D+00   4.4D-01  2.122D+01  3.984D+03
  453  642     1     5  bnd    1   3.3D-01   2.3D-01  1.878D+01  3.983D+03
  454  644     1    13  bnd    1   1.9D-01   3.6D-01  1.879D+01  3.983D+03
  455  645     1    13  con    0   1.0D+00   7.3D-02  1.879D+01  3.983D+03
  456  646     1    13  con    0   1.0D+00   1.1D-01  1.879D+01  3.983D+03
  457  648     1    13  con    1   4.4D-01   2.4D-01  1.879D+01  3.983D+03
  458  650     1    13  con    1   2.2D-01   2.3D-01  1.879D+01  3.983D+03
  459  651     1    13  con    0   1.0D+00   5.7D-01  1.880D+01  3.983D+03
  460  652     1    13  con    0   1.0D+00   5.9D-01  1.880D+01  3.983D+03
  461  654     1    13  con    1   4.8D-01   4.2D-01  1.880D+01  3.983D+03
  462  655     1    13  con    0   1.0D+00   8.0D-01  1.880D+01  3.983D+03
  463  656     1    13  con    0   1.0D+00   1.1D+00  1.880D+01  3.983D+03
  464  658     1    13  con    1   3.0D-01   6.9D-01  1.881D+01  3.983D+03
  465  660     1    13  con    1   5.3D-01   8.7D-01  1.881D+01  3.983D+03
  466  661     1    13  con    0   1.0D+00   9.8D-01  1.881D+01  3.983D+03
  467  663     1    13  con    1   3.4D-01   2.1D+00  1.881D+01  3.983D+03
  468  664     1    13  con    0   1.0D+00   1.5D+00  1.882D+01  3.983D+03
  469  667     1    13  con    2   9.5D-02   5.2D-01  1.882D+01  3.983D+03
  470  668     1    13  con    0   1.0D+00   1.5D+00  1.882D+01  3.983D+03
  471  669     1    13  con    0   1.0D+00   1.0D+00  1.881D+01  3.983D+03
  472  670     1    13  con    0   1.0D+00   3.5D-01  1.881D+01  3.983D+03
  473  671     1    13  con    0   1.0D+00   6.5D-01  1.881D+01  3.983D+03
  474  672     1    13  con    0   1.0D+00   2.9D-01  1.881D+01  3.983D+03
  475  674     1    13  con    1   4.3D-01   1.2D+00  1.881D+01  3.983D+03
  476  675     1    13  con    0   1.0D+00   2.6D+00  1.881D+01  3.983D+03
  477  676     1    13  con    0   1.0D+00   3.4D+00  1.882D+01  3.983D+03
  478  678     1    13  bnd    1   4.3D-01   1.5D+00  1.882D+01  3.983D+03
  479  680     1    13  con    1   4.7D-01   4.0D+00  1.882D+01  3.983D+03
  480  682     1    13  con    1   2.7D-01   1.6D+00  1.882D+01  3.983D+03
  481  684     1    13  con    1   3.0D-01   2.1D+00  1.882D+01  3.983D+03
  482  686     1    13  bnd    1   3.1D-01   2.5D+00  1.882D+01  3.983D+03
  483  688     1    13  bnd    1   1.9D-01   1.3D+00  1.883D+01  3.983D+03
  484  690     1    13  con    1   4.2D-01   3.6D-01  1.882D+01  3.983D+03
  485  692     1    13  con    1   1.4D-01   1.5D-01  5.330D+00  3.983D+03
  486  693     1    13  con    0   1.0D+00   5.9D-01  1.882D+01  3.983D+03
  487  695     1    13  con    1   3.6D-01   2.6D-01  1.883D+01  3.983D+03
  488  696     1    13  con    0   1.0D+00   5.2D-01  1.883D+01  3.982D+03
  489  697     1    13  con    0   1.0D+00   3.4D-01  1.884D+01  3.982D+03
  490  699     1    13  con    1   1.9D-01   2.5D-01  1.884D+01  3.982D+03
  491  700     1    13  con    0   1.0D+00   3.5D-01  1.884D+01  3.982D+03
  492  701     1    13  con    0   1.0D+00   1.6D-01  1.884D+01  3.982D+03
  493  702     1    13  con    0   1.0D+00   2.9D-01  1.885D+01  3.982D+03
  494  704     1    13  con    1   2.8D-01   1.9D-01  1.885D+01  3.982D+03
  495  705     1    13  con    0   1.0D+00   3.4D-01  1.886D+01  3.982D+03
  496  706     1    13  con    0   1.0D+00   4.7D-01  1.886D+01  3.982D+03
  497  708     1    13  bnd    1   3.1D-01   3.1D-01  1.887D+01  3.982D+03
  498  710     1    13  con    1   3.7D-01   2.5D-01  1.887D+01  3.982D+03
  499  711     1    13  bnd    0   1.0D+00   6.0D-01  1.888D+01  3.982D+03
  500  712     1    14  con    0   1.0D+00   4.9D-01  1.888D+01  3.982D+03
  501  714     1    14  bnd    1   4.0D-01   4.7D-01  1.888D+01  3.981D+03
  502  715     1    14  con    0   1.0D+00   7.8D-01  1.889D+01  3.981D+03
  503  716     1    14  con    0   1.0D+00   4.4D-01  1.248D+01  3.981D+03
  504  718     1    14  con    1   4.1D-01   5.6D-01  1.889D+01  3.981D+03
  505  720     1    14  con    1   4.4D-01   3.7D-01  1.889D+01  3.981D+03
  506  721     1    14  con    0   1.0D+00   3.5D-01  1.889D+01  3.981D+03
  507  722     1    14  con    0   1.0D+00   4.7D-01  1.889D+01  3.981D+03
  508  724     1    14  con    1   2.5D-01   3.3D-01  1.889D+01  3.981D+03
  509  725     1    14  con    0   1.0D+00   5.6D-01  1.889D+01  3.981D+03
  510  726     1    14  con    0   1.0D+00   1.4D-01  1.889D+01  3.981D+03
  511  727     1    14  con    0   1.0D+00   4.3D-01  1.889D+01  3.981D+03
  512  728     1    14  con    0   1.0D+00   1.8D-01  1.889D+01  3.981D+03
  513  729     1    14  con    0   1.0D+00   1.3D-01  1.183D+01  3.981D+03
  514  731     1    14  con    1   4.3D-01   1.5D-01  1.890D+01  3.981D+03
  515  732     1    14  con    0   1.0D+00   9.0D-02  7.426D+00  3.981D+03
  516  733     1    14  con    0   1.0D+00   9.1D-02  2.110D+01  3.981D+03
  517  734     1    12  bnd    0   1.0D+00   2.6D-01  1.890D+01  3.981D+03
  518  735     1    14  con    0   1.0D+00   4.9D-01  1.373D+01  3.981D+03
  519  736     1    14  con    0   1.0D+00   8.0D-01  1.891D+01  3.981D+03
  520  738     1    14  bnd    1   4.6D-01   6.5D-01  2.108D+01  3.981D+03
  521  740     1    14  bnd    1   1.1D-01   1.5D-01  1.892D+01  3.981D+03
  522  741     1    14  con    0   1.0D+00   1.4D-01  1.892D+01  3.981D+03
  523  743     1    14  con    1   4.5D-01   3.3D-01  1.892D+01  3.981D+03
  524  744     1    14  con    0   1.0D+00   4.9D-01  1.892D+01  3.981D+03
  525  745     1    14  bnd    0   1.0D+00   2.3D-01  2.108D+01  3.981D+03
  526  747     1    13  bnd    1   5.1D-01   2.5D-01  1.892D+01  3.981D+03
  527  748     1    15  con    0   1.0D+00   1.5D-01  1.892D+01  3.981D+03
  528  749     1    15  con    0   1.0D+00   1.4D-01  1.589D+01  3.981D+03
  529  750     1    15  con    0   1.0D+00   2.9D-01  9.871D+00  3.981D+03
  530  751     1    15  con    0   1.0D+00   5.2D-01  1.892D+01  3.981D+03
  531  753     1    15  bnd    1   4.3D-01   4.6D-01  1.893D+01  3.981D+03
  532  754     1    15  bnd    0   1.0D+00   1.3D+00  2.218D+01  3.981D+03
  533  760     1     1  bnd    5   5.1D-03   1.4D-01  2.218D+01  3.981D+03
  534  762     2     6  bnd    1   5.1D-01   2.8D-01  1.893D+01  3.981D+03
  535  764     1    14  con    1   1.9D-01   1.6D-01  1.893D+01  3.981D+03
  536  765     1    14  con    0   1.0D+00   2.6D-01  1.893D+01  3.981D+03
  537  766     1    14  bnd    0   1.0D+00   3.1D-01  1.894D+01  3.981D+03
  538  767     1    15  bnd    0   1.0D+00   5.2D-01  1.894D+01  3.980D+03
  539  768     1    16  con    0   1.0D+00   1.3D-01  1.895D+01  3.980D+03
  540  769     1    16  bnd    0   1.0D+00   4.7D-01  1.895D+01  3.980D+03
  541  770     1    17  bnd    0   1.0D+00   5.6D-01  2.225D+01  3.980D+03
  542  772     1     2  bnd    1   1.5D-01   2.8D-01  1.896D+01  3.980D+03
  543  773     1    18  con    0   1.0D+00   2.4D-01  1.896D+01  3.980D+03
  544  774     1    18  con    0   1.0D+00   6.7D-01  1.896D+01  3.980D+03
  545  775     1    18  con    0   1.0D+00   1.9D-01  1.896D+01  3.980D+03
  546  776     1    18  bnd    0   1.0D+00   2.5D-01  1.897D+01  3.980D+03
  547  777     1    19  con    0   1.0D+00   2.8D-02  1.897D+01  3.980D+03
  548  778     1    19  con    0   1.0D+00   2.5D-01  1.898D+01  3.980D+03
  549  779     1    19  con    0   1.0D+00   2.9D-01  1.899D+01  3.980D+03
  550  780     1    19  con    0   1.0D+00   3.4D-01  1.899D+01  3.980D+03
  551  781     1    19  con    0   1.0D+00   3.6D-01  1.567D+01  3.980D+03
  552  783     1    19  con    1   1.0D-01   1.6D-01  1.900D+01  3.980D+03
  553  784     1    19  con    0   1.0D+00   1.1D-01  1.900D+01  3.980D+03
  554  785     1    19  con    0   1.0D+00   2.2D-01  1.901D+01  3.980D+03
  555  786     1    19  con    0   1.0D+00   3.9D-01  2.204D+01  3.980D+03
  556  788     1     9  bnd    1   2.0D-01   2.0D-01  1.901D+01  3.980D+03
  557  790     1    19  con    1   3.9D-01   1.3D-01  1.901D+01  3.980D+03
  558  791     1    19  con    0   1.0D+00   1.5D-01  1.902D+01  3.980D+03
  559  792     1    19  con    0   1.0D+00   1.4D-01  1.902D+01  3.980D+03
  560  793     1    19  con    0   1.0D+00   3.4D-01  1.903D+01  3.980D+03
  561  794     1    19  con    0   1.0D+00   3.5D-01  2.244D+01  3.980D+03
  562  796     1     7  bnd    1   1.8D-01   2.6D-01  1.904D+01  3.980D+03
  563  798     1    19  con    1   3.7D-01   2.0D-01  1.904D+01  3.980D+03
  564  799     1    19  con    0   1.0D+00   3.6D-01  1.904D+01  3.980D+03
  565  800     1    19  con    0   1.0D+00   3.8D-01  1.904D+01  3.980D+03
  566  801     1    19  con    0   1.0D+00   5.9D-01  1.905D+01  3.979D+03
  567  802     1    19  con    0   1.0D+00   3.6D-01  1.905D+01  3.979D+03
  568  804     1    19  con    1   3.7D-01   3.6D-01  1.906D+01  3.979D+03
  569  805     1    19  con    0   1.0D+00   5.4D-01  1.906D+01  3.979D+03
  570  806     1    19  con    0   1.0D+00   3.2D-01  1.906D+01  3.979D+03
  571  808     1    19  con    1   3.5D-01   3.2D-01  1.907D+01  3.979D+03
  572  810     1    19  con    1   3.6D-01   4.4D-01  1.907D+01  3.979D+03
  573  811     1    19  con    0   1.0D+00   5.1D-01  1.907D+01  3.979D+03
  574  812     1    19  con    0   1.0D+00   6.3D-01  1.907D+01  3.979D+03
  575  814     1    19  bnd    1   4.9D-01   3.8D-01  1.907D+01  3.979D+03
  576  815     1    19  con    0   1.0D+00   3.7D-01  1.907D+01  3.979D+03
  577  816     1    19  bnd    0   1.0D+00   2.6D-01  5.309D+00  3.979D+03
  578  817     1    20  con    0   1.0D+00   2.3D-01  1.908D+01  3.979D+03
  579  818     1    20  con    0   1.0D+00   2.5D-01  1.908D+01  3.979D+03
  580  819     1    20  con    0   1.0D+00   1.4D-02  1.908D+01  3.979D+03
  581  820     1    20  con    0   1.0D+00   5.6D-02  7.388D+00  3.979D+03
  582  821     1    20  con    0   1.0D+00   6.4D-02  7.962D-01  3.979D+03
  583  822     1    20  con    0   1.0D+00   1.2D-01  2.412D+00  3.979D+03
  584  823     1    20  con    0   1.0D+00   1.2D-01  1.908D+01  3.979D+03
  585  824     1    20  con    0   1.0D+00   3.3D-01  1.909D+01  3.979D+03
  586  825     1    20  con    0   1.0D+00   3.9D-01  1.419D+01  3.979D+03
  587  827     1    20  con    1   2.2D-01   1.3D-01  1.909D+01  3.979D+03
  588  828     1    20  con    0   1.0D+00   2.4D-01  1.909D+01  3.979D+03
  589  830     1    20  con    1   1.0D-01   1.7D-01  1.909D+01  3.979D+03
  590  831     1    20  con    0   1.0D+00   1.1D-01  1.909D+01  3.979D+03
  591  832     1    20  con    0   1.0D+00   1.0D-01  1.909D+01  3.979D+03
  592  833     1    20  con    0   1.0D+00   1.6D-01  1.910D+01  3.979D+03
  593  834     1    20  con    0   1.0D+00   6.1D-02  4.799D+00  3.979D+03
  594  836     1    20  con    1   1.6D-01   4.8D-02  1.910D+01  3.979D+03
  595  837     1    20  con    0   1.0D+00   7.1D-02  1.910D+01  3.979D+03
  596  838     1    20  con    0   1.0D+00   4.5D-02  1.450D+01  3.979D+03
  597  839     1    20  con    0   1.0D+00   5.2D-02  1.910D+01  3.979D+03
  598  840     1    20  con    0   1.0D+00   3.1D-02  4.305D+00  3.979D+03
  599  841     1    20  con    0   1.0D+00   3.5D-02  1.507D+01  3.979D+03
  600  842     1    20  con    0   1.0D+00   1.4D-02  1.151D+00  3.979D+03
  601  843     1    20  con    0   1.0D+00   1.0D-02  8.257D-01  3.979D+03
  602  844     1    20  con    0   1.0D+00   5.6D-03  8.250D-01  3.979D+03
  603  846     1    20  con    1   5.0D+00   1.6D-01  1.452D+01  3.979D+03
  604  847     1    20  con    0   1.0D+00   4.8D-01  1.911D+01  3.979D+03
  605  848     1    20  bnd    0   1.0D+00   4.8D-01  1.605D+01  3.979D+03
  606  849     1    21  con    0   1.0D+00   2.4D-01  3.049D+00  3.979D+03
  607  851     1    21  con    1   3.9D-01   4.0D-01  1.586D+00  3.979D+03
  608  853     1    21  con    1   2.5D-01   2.8D-01  1.910D+01  3.979D+03
  609  855     1    21  con    1   3.2D-01   3.2D-01  1.909D+01  3.979D+03
  610  857     1    21  con    1   4.7D-01   2.3D-01  1.909D+01  3.979D+03
  611  860     1    21  con    2   3.1D-02   2.7D-01  1.908D+01  3.979D+03
  612  861     1    21  con    0   1.0D+00   5.0D-01  1.908D+01  3.979D+03
  613  862     1    21  con    0   1.0D+00   2.6D-01  1.907D+01  3.979D+03
  614  864     1    21  con    1   1.4D-01   9.4D-02  1.907D+01  3.979D+03
  615  865     1    21  con    0   1.0D+00   5.6D-01  1.907D+01  3.979D+03
  616  866     1    21  con    0   1.0D+00   1.9D-01  1.907D+01  3.979D+03
  617  867     1    21  con    0   1.0D+00   4.6D-01  1.907D+01  3.979D+03
  618  869     1    21  con    1   3.9D-01   3.0D-01  1.907D+01  3.979D+03
  619  870     1    21  con    0   1.0D+00   5.2D-01  1.906D+01  3.979D+03
  620  871     1    21  con    0   1.0D+00   7.7D-02  1.906D+01  3.979D+03
  621  872     1    21  con    0   1.0D+00   3.0D-01  1.905D+01  3.979D+03
  622  873     1    21  con    0   1.0D+00   6.9D-02  1.905D+01  3.979D+03
  623  874     1    21  con    0   1.0D+00   1.5D-01  1.904D+01  3.979D+03
  624  876     1    21  con    1   4.3D-01   1.3D-01  1.904D+01  3.979D+03
  625  877     1    21  con    0   1.0D+00   1.7D-01  1.904D+01  3.979D+03
  626  878     1    21  con    0   1.0D+00   1.3D+00  1.903D+01  3.978D+03
  627  879     1    21  con    0   1.0D+00   3.0D-01  1.903D+01  3.978D+03
  628  880     1    21  con    0   1.0D+00   5.9D-01  1.901D+01  3.978D+03
  629  882     1    21  con    1   2.6D-01   2.2D-01  2.271D+01  3.978D+03
  630  884     1     8  bnd    1   1.7D-01   2.6D-01  1.901D+01  3.978D+03
  631  886     1    21  con    1   4.4D-01   1.2D-01  1.900D+01  3.978D+03
  632  887     1    21  con    0   1.0D+00   1.5D-01  1.900D+01  3.978D+03
  633  888     1    21  con    0   1.0D+00   1.4D-01  1.900D+01  3.978D+03
  634  889     1    21  con    0   1.0D+00   2.1D-01  1.899D+01  3.978D+03
  635  890     1    21  con    0   1.0D+00   3.2D-01  1.218D+01  3.978D+03
  636  892     1    21  con    1   1.7D-01   1.2D-01  1.898D+01  3.978D+03
  637  894     1    21  con    1   4.6D-01   9.9D-02  1.898D+01  3.978D+03
  638  895     1    21  con    0   1.0D+00   1.4D-01  1.898D+01  3.978D+03
  639  896     1    21  con    0   1.0D+00   1.1D-01  1.897D+01  3.978D+03
  640  898     1    21  con    1   4.6D-01   2.2D-01  1.897D+01  3.978D+03
  641  899     1    21  con    0   1.0D+00   3.7D-01  1.897D+01  3.978D+03
  642  900     1    21  con    0   1.0D+00   3.2D-01  1.796D+01  3.978D+03
  643  902     1    21  con    1   3.3D-01   1.8D-01  1.896D+01  3.978D+03
  644  904     1    21  con    1   2.2D-01   1.9D-01  1.896D+01  3.978D+03
  645  905     1    21  con    0   1.0D+00   1.9D-01  1.896D+01  3.978D+03
  646  906     1    21  con    0   1.0D+00   7.5D-02  1.896D+01  3.978D+03
  647  907     1    21  con    0   1.0D+00   1.9D-01  1.896D+01  3.978D+03
  648  908     1    21  con    0   1.0D+00   3.5D-01  1.896D+01  3.978D+03
  649  909     1    21  con    0   1.0D+00   6.1D-01  1.895D+01  3.978D+03
  650  911     1    21  con    1   1.7D-01   1.2D-01  1.895D+01  3.978D+03
  651  912     1    21  con    0   1.0D+00   4.6D-01  1.895D+01  3.978D+03
  652  913     1    21  con    0   1.0D+00   1.5D-01  1.895D+01  3.978D+03
  653  914     1    21  bnd    0   1.0D+00   4.8D-01  1.895D+01  3.978D+03
  654  915     1    22  con    0   1.0D+00   2.0D-02  1.895D+01  3.978D+03
  655  916     1    22  con    0   1.0D+00   3.9D-01  1.895D+01  3.978D+03
  656  917     1    22  con    0   1.0D+00   3.0D-01  1.895D+01  3.978D+03
  657  918     1    22  con    0   1.0D+00   1.2D-01  2.105D+01  3.978D+03
  658  920     1    21  bnd    1   5.1D-01   1.4D-01  1.041D+01  3.978D+03
  659  922     1    22  con    1   4.9D-01   9.1D-02  1.895D+01  3.978D+03
  660  923     1    22  con    0   1.0D+00   8.2D-02  1.895D+01  3.978D+03
  661  924     1    22  con    0   1.0D+00   2.7D-01  1.895D+01  3.978D+03
  662  925     1    22  con    0   1.0D+00   9.4D-02  1.895D+01  3.978D+03
  663  926     1    22  con    0   1.0D+00   1.6D-01  1.895D+01  3.978D+03
  664  927     1    22  con    0   1.0D+00   4.9D-02  9.173D-01  3.978D+03
  665  928     1    22  con    0   1.0D+00   1.6D-01  1.070D+01  3.978D+03
  666  929     1    22  con    0   1.0D+00   1.7D-01  1.894D+01  3.978D+03
  667  930     1    22  con    0   1.0D+00   5.0D-02  9.297D-01  3.978D+03
  668  931     1    22  con    0   1.0D+00   1.0D-01  1.043D+01  3.978D+03
  669  932     1    22  con    0   1.0D+00   2.7D-02  3.290D+00  3.978D+03
  670  933     1    22  con    0   1.0D+00   1.2D-01  2.186D+00  3.978D+03
  671  934     1    22  con    0   1.0D+00   4.4D-02  6.707D+00  3.978D+03
  672  935     1    22  con    0   1.0D+00   6.9D-03  8.462D-01  3.978D+03
  673  936     1    22  con    0   1.0D+00   2.3D-01  1.923D+00  3.978D+03
  674  938     1    22  con    1   2.4D-01   1.8D-01  1.894D+01  3.978D+03
  675  940     1    22  con    1   2.3D-01   1.7D-01  1.893D+01  3.978D+03
  676  942     1    22  con    1   3.2D-01   8.9D-02  1.893D+01  3.978D+03
  677  943     1    22  con    0   1.0D+00   3.2D-01  1.892D+01  3.978D+03
  678  944     1    22  con    0   1.0D+00   4.2D-01  2.108D+01  3.978D+03
  679  946     1    20  bnd    1   3.5D-01   1.7D-01  1.892D+01  3.978D+03
  680  947     1    22  con    0   1.0D+00   1.0D-01  1.892D+01  3.978D+03
  681  948     1    22  con    0   1.0D+00   2.4D-02  1.891D+01  3.978D+03
  682  949     1    22  con    0   1.0D+00   1.5D-01  1.891D+01  3.978D+03
  683  950     1    22  con    0   1.0D+00   6.2D-02  2.160D+01  3.978D+03
  684  951     1    18  bnd    0   1.0D+00   1.1D-01  1.890D+01  3.978D+03
  685  952     1    22  con    0   1.0D+00   6.2D-02  1.890D+01  3.978D+03
  686  954     1    22  con    1   5.0D+00   2.6D-01  1.890D+01  3.978D+03
  687  955     1    22  con    0   1.0D+00   1.5D-01  1.890D+01  3.978D+03
  688  956     1    22  con    0   1.0D+00   8.5D-02  9.052D+00  3.978D+03
  689  958     1    22  con    1   3.7D-01   6.6D-02  1.889D+01  3.978D+03
  690  960     1    22  con    1   4.0D-01   8.7D-02  1.889D+01  3.978D+03
  691  961     1    22  con    0   1.0D+00   1.5D-01  1.888D+01  3.978D+03
  692  962     1    22  con    0   1.0D+00   1.3D-01  1.660D+01  3.978D+03
  693  964     1    22  con    1   4.9D-01   1.1D-01  1.888D+01  3.978D+03
  694  965     1    22  con    0   1.0D+00   1.6D-01  1.887D+01  3.978D+03
  695  966     1    22  con    0   1.0D+00   1.2D-01  2.644D+00  3.978D+03
  696  968     1    22  con    1   3.7D-01   7.3D-02  1.887D+01  3.978D+03
  697  970     1    22  con    1   3.4D-01   7.8D-02  1.887D+01  3.978D+03
  698  971     1    22  con    0   1.0D+00   7.0D-02  1.886D+01  3.978D+03
  699  972     1    22  con    0   1.0D+00   5.9D-02  1.118D+01  3.978D+03
  700  974     1    22  con    1   4.7D-01   7.3D-02  1.886D+01  3.978D+03
  701  976     1    22  con    1   3.9D-01   7.8D-02  1.886D+01  3.978D+03
  702  977     1    22  con    0   1.0D+00   1.6D-01  1.885D+01  3.978D+03
  703  978     1    22  con    0   1.0D+00   7.7D-02  1.494D+00  3.978D+03
  704  980     1    22  con    1   3.2D-01   6.5D-02  1.029D+01  3.978D+03
  705  982     1    22  con    1   2.0D-01   7.4D-02  1.884D+01  3.978D+03
  706  983     1    22  con    0   1.0D+00   7.6D-02  1.884D+01  3.978D+03
  707  984     1    22  con    0   1.0D+00   4.3D-02  1.884D+01  3.978D+03
  708  985     1    22  con    0   1.0D+00   8.6D-02  1.884D+01  3.978D+03
  709  986     1    22  con    0   1.0D+00   1.6D-01  1.883D+01  3.978D+03
  710  987     1    22  con    0   1.0D+00   9.4D-02  2.117D+01  3.978D+03
  711  989     1    20  bnd    1   3.4D-01   9.2D-02  3.953D+00  3.978D+03
  712  991     1    22  con    1   1.9D-01   4.1D-02  1.786D+01  3.978D+03
  713  992     1    22  con    0   1.0D+00   3.5D-02  1.882D+01  3.978D+03
  714  993     1    22  con    0   1.0D+00   4.2D-02  1.847D+01  3.978D+03
  715  994     1    22  con    0   1.0D+00   5.0D-02  1.882D+01  3.978D+03
  716  995     1    22  con    0   1.0D+00   8.9D-02  7.973D+00  3.978D+03
  717  997     1    22  con    1   3.6D-01   5.6D-02  1.881D+01  3.978D+03
  718  998     1    22  con    0   1.0D+00   1.3D-01  1.881D+01  3.978D+03
  719  999     1    22  con    0   1.0D+00   2.4D-02  1.290D+01  3.978D+03
  720 1000     1    22  con    0   1.0D+00   7.1D-02  8.715D+00  3.978D+03
  721 1002     1    22  con    1   5.2D-01   3.7D-02  1.719D+01  3.978D+03
  722 1003     1    22  con    0   1.0D+00   2.7D-02  1.280D+01  3.978D+03
  723 1004     1    22  con    0   1.0D+00   4.7D-02  8.550D+00  3.978D+03
  724 1005     1    22  con    0   1.0D+00   7.3D-02  1.049D+01  3.978D+03
  725 1006     1    22  con    0   1.0D+00   9.2D-02  1.241D+01  3.978D+03
  726 1008     1    22  bnd    1   1.6D-01   6.9D-02  3.727D+00  3.978D+03
  727 1010     1    22  con    1   4.9D-01   2.2D-02  8.208D+00  3.978D+03
  728 1011     1    22  con    0   1.0D+00   1.7D-02  7.074D+00  3.978D+03
  729 1012     1    22  con    0   1.0D+00   4.1D-02  3.641D+00  3.978D+03
  730 1013     1    22  con    0   1.0D+00   5.0D-02  6.158D+00  3.978D+03
  731 1014     1    22  bnd    0   1.0D+00   6.5D-02  2.209D+00  3.978D+03
  732 1015     1    23  con    0   1.0D+00   1.5D-02  1.596D+00  3.978D+03
  733 1016     1    23  con    0   1.0D+00   2.9D-02  2.748D+00  3.978D+03
  734 1017     1    23  con    0   1.0D+00   2.2D-02  1.270D+00  3.978D+03
  735 1018     1    23  con    0   1.0D+00   3.1D-02  1.139D+00  3.978D+03
  736 1020     1    23  con    1   8.8D-02   1.4D-02  6.143D+00  3.978D+03
  737 1021     1    23  con    0   1.0D+00   4.5D-02  7.913D+00  3.978D+03
  738 1022     1    23  con    0   1.0D+00   2.7D-02  9.036D-01  3.978D+03
  739 1023     1    23  con    0   1.0D+00   7.1D-02  1.032D+01  3.978D+03
  740 1024     1    23  con    0   1.0D+00   3.0D-02  5.907D+00  3.978D+03
  741 1026     1    23  con    1   4.6D-01   1.2D-01  1.535D+01  3.978D+03
  742 1027     1    23  bnd    0   1.0D+00   3.1D-01  1.876D+01  3.978D+03
  743 1028     1    24  con    0   1.0D+00   5.1D-02  2.141D+01  3.978D+03
  744 1029     1    11  bnd    0   1.0D+00   4.5D-02  1.505D+01  3.978D+03
  745 1030     1    24  con    0   1.0D+00   1.8D-02  6.247D+00  3.978D+03
  746 1031     1    24  con    0   1.0D+00   6.5D-03  6.422D+00  3.978D+03
  747 1032     1    24  con    0   1.0D+00   2.5D-02  1.376D+01  3.978D+03
  748 1033     1    24  con    0   1.0D+00   6.3D-02  2.017D+00  3.978D+03
  749 1035     1    24  con    1   2.4D-01   4.9D-02  1.640D+01  3.978D+03
  750 1036     1    24  con    0   1.0D+00   8.7D-02  1.878D+01  3.978D+03
  751 1037     1    24  con    0   1.0D+00   3.1D-02  1.878D+01  3.978D+03
  752 1038     1    24  con    0   1.0D+00   3.9D-02  1.878D+01  3.978D+03
  753 1040     1    24  con    1   1.9D-01   1.9D-01  1.879D+01  3.978D+03
  754 1042     1    24  con    1   4.3D-01   2.0D-02  4.747D+00  3.978D+03
  755 1043     1    24  con    0   1.0D+00   8.3D-02  5.455D+00  3.978D+03
  756 1045     1    24  con    1   2.6D-01   5.6D-02  1.880D+01  3.978D+03
  757 1046     1    24  con    0   1.0D+00   8.0D-02  1.880D+01  3.978D+03
  758 1047     1    24  con    0   1.0D+00   7.8D-02  2.365D+00  3.978D+03
  759 1049     1    24  con    1   2.8D-01   7.5D-02  1.880D+01  3.978D+03
  760 1051     1    24  con    1   5.0D-01   8.9D-02  1.880D+01  3.978D+03
  761 1052     1    24  con    0   1.0D+00   8.7D-02  1.879D+01  3.978D+03
  762 1053     1    24  con    0   1.0D+00   6.2D-02  8.620D-01  3.978D+03
  763 1055     1    24  con    1   2.8D-01   8.5D-02  1.879D+01  3.978D+03
  764 1057     1    24  con    1   3.8D-01   6.7D-02  1.879D+01  3.978D+03
  765 1058     1    24  con    0   1.0D+00   6.4D-02  1.878D+01  3.978D+03
  766 1059     1    24  con    0   1.0D+00   8.2D-02  7.875D+00  3.978D+03
  767 1061     1    24  con    1   2.6D-01   6.3D-02  1.878D+01  3.978D+03
  768 1062     1    24  con    0   1.0D+00   1.3D-01  1.878D+01  3.978D+03
  769 1063     1    24  con    0   1.0D+00   3.3D-02  1.102D+01  3.978D+03
  770 1064     1    24  con    0   1.0D+00   1.4D-01  1.877D+01  3.978D+03
  771 1065     1    24  con    0   1.0D+00   7.4D-02  1.877D+01  3.978D+03
  772 1066     1    24  con    0   1.0D+00   8.0D-02  1.542D+01  3.978D+03
  773 1068     1    24  con    1   2.1D-01   9.5D-02  6.571D+00  3.978D+03
  774 1070     1    24  con    1   1.5D-01   5.2D-02  1.877D+01  3.978D+03
  775 1071     1    24  con    0   1.0D+00   4.7D-02  1.876D+01  3.978D+03
  776 1072     1    24  con    0   1.0D+00   1.0D-01  1.876D+01  3.978D+03
  777 1073     1    24  con    0   1.0D+00   5.6D-02  8.983D+00  3.978D+03
  778 1075     1    24  con    1   4.4D-01   5.6D-02  1.743D+01  3.978D+03
  779 1076     1    24  con    0   1.0D+00   8.1D-02  1.802D+01  3.978D+03
  780 1078     1    24  con    1   3.0D-01   1.2D-01  1.875D+01  3.978D+03
  781 1079     1    24  con    0   1.0D+00   6.9D-02  1.101D+00  3.978D+03
  782 1080     1    24  con    0   1.0D+00   1.2D-01  1.552D+01  3.978D+03
  783 1081     1    24  con    0   1.0D+00   2.5D-02  5.364D+00  3.978D+03
  784 1082     1    24  con    0   1.0D+00   2.9D-02  1.384D+00  3.978D+03
  785 1083     1    24  con    0   1.0D+00   1.4D-01  8.068D+00  3.978D+03
  786 1085     1    24  con    1   3.9D-01   6.8D-02  1.477D+01  3.978D+03
  787 1086     1    24  con    0   1.0D+00   1.6D-01  1.874D+01  3.978D+03
  788 1088     1    24  con    1   4.1D-01   3.7D-02  4.962D+00  3.978D+03
  789 1089     1    24  con    0   1.0D+00   7.3D-02  1.098D+01  3.978D+03
  790 1090     1    24  con    0   1.0D+00   7.2D-02  1.776D+01  3.978D+03
  791 1091     1    24  con    0   1.0D+00   1.3D-02  9.232D+00  3.978D+03
  792 1092     1    24  con    0   1.0D+00   5.6D-02  4.254D+00  3.978D+03
  793 1093     1    24  con    0   1.0D+00   9.2D-02  1.434D+01  3.978D+03
  794 1094     1    24  con    0   1.0D+00   1.3D-01  1.687D+01  3.978D+03
  795 1095     1    24  con    0   1.0D+00   9.7D-02  2.132D+01  3.978D+03
  796 1097     1    22  bnd    1   2.8D-01   9.5D-02  5.009D+00  3.978D+03
  797 1100     1    24  con    2   5.1D-02   4.8D-02  7.291D+00  3.978D+03
  798 1101     1    24  con    0   1.0D+00   2.8D-02  1.036D+01  3.978D+03
  799 1102     1    24  con    0   1.0D+00   5.2D-02  1.101D+01  3.978D+03
  800 1103     1    24  con    0   1.0D+00   3.7D-02  7.445D+00  3.978D+03
  801 1104     1    24  con    0   1.0D+00   4.7D-02  5.576D+00  3.978D+03
  802 1105     1    24  con    0   1.0D+00   7.7D-02  1.073D+01  3.978D+03
  803 1106     1    24  con    0   1.0D+00   7.3D-02  2.961D+00  3.978D+03
  804 1108     1    24  con    1   3.6D-01   3.5D-02  8.283D+00  3.978D+03
  805 1109     1    24  con    0   1.0D+00   7.7D-02  1.002D+01  3.978D+03
  806 1110     1    24  con    0   1.0D+00   9.6D-03  6.745D+00  3.978D+03
  807 1111     1    24  con    0   1.0D+00   4.9D-02  2.877D+00  3.978D+03
  808 1112     1    24  con    0   1.0D+00   6.5D-02  1.190D+01  3.978D+03
  809 1113     1    24  con    0   1.0D+00   2.8D-02  5.903D+00  3.978D+03
  810 1114     1    24  con    0   1.0D+00   7.4D-02  4.518D+00  3.978D+03
  811 1115     1    24  con    0   1.0D+00   8.5D-02  4.914D+00  3.978D+03
  812 1117     1    24  con    1   3.2D-01   2.4D-02  3.390D+00  3.978D+03
  813 1118     1    24  con    0   1.0D+00   1.2D-01  3.798D+00  3.978D+03
  814 1119     1    24  con    0   1.0D+00   5.8D-02  3.191D+00  3.978D+03
  815 1120     1    24  con    0   1.0D+00   2.7D-01  8.344D+00  3.978D+03
  816 1122     1    24  con    1   4.2D-01   6.1D-02  4.463D+00  3.978D+03
  817 1123     1    24  con    0   1.0D+00   1.4D-01  1.056D+00  3.978D+03
  818 1124     1    24  con    0   1.0D+00   4.5D-02  6.862D-01  3.978D+03
  819 1125     1    24  con    0   1.0D+00   1.4D-01  2.072D+00  3.978D+03

CONVERGENCE: REL_REDUCTION_OF_F_<=_FACTR*EPSMCH             

 Total User time 3.640E+01 seconds.

